# callgrind format
version: 1
creator: callgrind-3.18.1
pid: 6043
cmd:  ./a.out
part: 1


desc: I1 cache: 
desc: D1 cache: 
desc: LL cache: 

desc: Timerange: Basic block 0 - 74435567
desc: Trigger: Program termination

positions: line
events: Ir
summary: 1039725266


ob=(4) /usr/libexec/valgrind/vgpreload_core-amd64-linux.so
fl=(139) ???
fn=(466) 0x00000000000012f0
0 5

fn=(458) 0x0000000000001170
0 12

fn=(798) 0x00000000000010e0
0 11
cob=(2) ???
cfi=(50) ???
cfn=(804) 0x000000000483f040
calls=1 0 
0 74
0 10
cfn=(816) 0x0000000000001070
calls=1 0 
0 5
0 5

fn=(816)
0 5

ob=(3) /usr/lib/x86_64-linux-gnu/libc.so.6
fl=(85) ./wcsmbs/../sysdeps/x86_64/multiarch/wcsnlen.c
fn=(298) wcsnlen
29 1
fi=(86) ./wcsmbs/../sysdeps/x86_64/multiarch/ifunc-wcslen.h
+5 4
-1 2
+15 4
fe=(85)
-19 1

fl=(103) ./wcsmbs/../sysdeps/x86_64/multiarch/wcscpy.c
fn=(338) wcscpy
43 1
-6 5
+6 1

fl=(93) ./string/../sysdeps/x86_64/multiarch/strchr.c
fn=(316) index
61 1
-20 2
+1 1
-1 2
-1 2
+15 4
+6 1

fl=(111) ./string/../sysdeps/x86_64/multiarch/strcpy.c
fn=(356) strcpy
29 1
fi=(98) ./string/../sysdeps/x86_64/multiarch/ifunc-strcpy.h
+7 2
+1 1
-1 2
+14 3
fe=(111)
-21 1

fl=(115) ./wcsmbs/../sysdeps/x86_64/multiarch/wmemcmp.c
fn=(368) wmemcmp
29 1
fi=(116) ./wcsmbs/../sysdeps/x86_64/multiarch/ifunc-memcmp.h
+5 2
+1 1
-1 2
+16 3
fe=(115)
-21 1

fl=(184) ./string/../sysdeps/x86_64/multiarch/../rawmemchr.S
fn=(706) __rawmemchr_sse2
23 40001
+1 40001
+1 40001
+2 40001
+1 40001
+2 40001
+1 40001
+2 40001
+1 40001
+2 30675
+1 30675
+2 30675
+1 30675
+2 30675
+1 30672
+1 30672
+1 30672
+4 9326
+1 9326
+1 9326
+2 9326
+2 9326
+2 9326
+1 9326
+1 9326
+10 27978
+4 9326
+1 9326
+1 9326
+1 9326
+1 9326
-4 30672
+1 30672
+1 30672
+1 30672
+1 30672
+2 39995
+1 39995
+1 39995
+1 39995
+1 39995
+2 39993
+1 39993
+1 39993
+1 39993
+1 39993
+2 39990
+1 39990
+1 39990
+1 39990
+1 39990
+1 39990
+2 39988
+1 39988
+2 30040
+1 30040
+1 30040
+1 30040
+1 30040
+2 30040
+1 30040
+1 30040
+1 30040
+1 30040
+2 30037
+1 30037
+1 30037
+1 30037
+1 30037
+2 30033
+1 30033
+1 30033
+2 30033
+1 30033
+1 30033
+2 60058
+4 30029
+1 30029
+1 30029
+1 30029
+2 30029
+1 30029
+1 30029
+1 30029
+2 30029
+1 30029
+1 30029
+1 30029
+2 30029
+2 30029
+1 30029
-18 66430212
+1 66430212
+1 66430212
+1 66430212
+2 66430212
+1 66430212
+1 66430212
+1 66430212
+2 66430212
+1 66430212
+1 66430212
+1 66430212
+2 66430212
+2 66430212
+1 66430212
+2 39977
+2 39977
+1 39977
+1 39977
+21 6
+1 6
+1 6
+4 39983
+1 39983
+1 39983
+4 5
+1 5
+1 5
+4 7
+1 7
+1 7

fl=(188) ./string/../sysdeps/x86_64/multiarch/strlen-vec.S
fn=(724) __strlen_sse2
41 5210
+44 5210
+1 5210
+1 5210
+1 5210
+1 5210
+1 5210
+1 5210
+2 5210
+2 5210
+31 5210
+1 5210
+1 5210
+1 5210
+1 5210
+1 5202
+2 5202
+4 8
+1 8
+1 8
+1 8
+1 8
+1 8
+1 8
+1 8
+1 8
+1 8
+1 8
+1 8
+5 64

fl=(119) ./string/../sysdeps/x86_64/multiarch/strspn.c
fn=(378) strspn
29 1
fi=(200) ./string/../sysdeps/x86_64/multiarch/ifunc-sse4_2.h
+1 5
fe=(119)
-1 1

fl=(189) ./string/../sysdeps/x86_64/multiarch/strcmp-sse2-unaligned.S
fn=(734) __strcmp_sse2_unaligned
23 54889
+1 54889
+1 54889
+1 54889
+1 54889
+1 54889
+1 54889
+1 54889
+1 29812
+1 29812
+1 29812
+1 29812
+1 29812
+1 29812
+1 29812
+1 29812
+1 29812
+2 29812
+1 29812
+1 29812
+1 29812
+1 29812
197 74982
+1 74982
+1 66335
+1 66335
+1 66335
+2 91412
+1 91412
+1 91412
+1 91412
+1 16430
+2 16430
+1 16430
-1 8647
+1 8647

fl=(92) ./wcsmbs/../sysdeps/x86_64/multiarch/wcschr.c
fn=(314) wcschr
31 2
fi=(201) ./wcsmbs/../sysdeps/x86_64/multiarch/ifunc-avx2.h
+2 10
-1 4
fe=(92)
-1 2

fl=(170) ./string/../sysdeps/x86_64/multiarch/../strchr.S
fn=(610) __strchr_sse2
23 1
+1 1
+1 1
+1 1
+1 1
+1 1
+1 1
+1 1
+1 1
+1 1
+1 1
+1 1
+1 1
+1 1
+1 1
+1 1
+1 1
+1 1
+1 1
+4 1
+1 1
+1 1
+1 1
+2 1

fl=(180) ./io/../sysdeps/unix/sysv/linux/close_nocancel.c
fn=(678) __close_nocancel
25 1
+1 4
+1 1

fl=(122) ./string/../sysdeps/x86_64/multiarch/rawmemchr.c
fn=(386) rawmemchr
31 1
fi=(202) ./string/../sysdeps/x86_64/multiarch/ifunc-evex.h
+4 5
-1 2
fe=(122)
-3 1

fl=(155) ./malloc/./malloc/malloc.c
fn=(530) calloc
3624 10430
+10 5215
-10 20860
+10 41720
+8 10430
+3 15645
+2 15645
+32 15645
cfn=(542) _int_malloc
calls=5215 1343 
* 763090
+2 26075
fi=(156) ./malloc/./malloc/arena.c
162 15642
fe=(155)
3681 10428
+3 15645
+14 10430
+11 5215
+5 5215
-2 10430
+3 1
-1 2
+48 31266
-53 5214
+12 20856
-20 20856
+31 5214
+2 10428
+2 10428
+5 5210
+2 5210
-2 5210
+3 10420
+2 1
+2 2
fi=(156)
315 1
cfn=(534) ptmalloc_init.part.0
calls=1 -2 
* 1128
* 1
fe=(155)
3657 5215
+1 15645
+7 5215
+97 4
-25 8
+25 16
-25 4
cob=(2)
cfi=(50)
cfn=(554) 0x0000000004876670
calls=4 0 
* 5517
3241 4
cfn=(540) tcache_init.part.0
calls=1 -6 
* 484
* 1

fn=(760) munmap_chunk
3044 1
+2 1
-1 1
+1 1
-1 1
+1 1
+2 2
+4 1
-1 2
+7 1
-8 1
+8 1
-6 1
+7 1
-1 2
+1 4
+3 1
+1 3
+5 1
+1 1
-1 1
cfi=(190) ./misc/../sysdeps/unix/syscall-template.S
cfn=(762) munmap
calls=1 117 
* 6

fn=(542)
1343 10478
3771 5239
1362 5239
3771 41912
1362 10478
3811 6408
+27 6408
+66 5215
+2 5215
-2 5215
+2 10430
1362 4070
3811 4070
4397 4070
3838 4070
+63 58
+62 861
+1 72
+1 3204
3838 6408
1362 3204
3843 6408
+2 6408
+8 6018
-10 2006
+2 19642
4399 10430
3903 5215
4399 67795
3983 5215
+1 5215
-1 10430
-1 10430
+2 10430
-1 24
+1 24
-1 48
-1 48
+2 48
-2 15714
+12 5238
-6 5238
+73 20952
-67 15715
-6 1
+73 4
-67 3
4158 1998
-91 1998
+91 3996
-91 1998
-74 1998
3181 1998
4067 1998
3181 3996
4025 3996
3183 3996
3997 7992
+1 1998
+2 3996
+1 5994
+2 1998
+1 7992
+2 7992
-10 1998
+12 3996
+1 3996
+2 3996
+11 7972
+31 24
+1 24
+4 48
+29 40
+2 10
+1 15
+1 5
-1 5
+57 5
+2 10
-2 10
+2 5
+7 5
-9 15
+9 5
-7 5
+1 5
+1 5
+6 10
-10 15
+2 30
-2 30
+2 15
+7 15
-9 45
+9 15
-7 15
+1 15
+1 15
+6 30
3994 8
4413 47151
4060 4
+1 4
-1 4
+1 8
+5 4
-21 4
+21 4
+1 16
+28 180
+1 45
+1 15
-1 15
+4 30
+66 60
3994 60
4183 6522
+2 72
+3 24
-3 24
+3 48
+1 10
+67 6512
+1 3256
+1 3256
-1 3256
+1 3256
+1 6512
+1 9768
+5 6570
+16 169
+2 338
-4 388
+8 25
+3 50
+2 15
+1 15
+1 15
-2 60
-27 15
3181 4
+2 4
+2 4
-4 4
+2 16
4071 4
3184 4
+1 4
4071 4
3963 20
4144 45
4023 3976
+1 3966
+5 1974
-1 3948
+3 1974
-1 1974
+1 3948
+1 1974
+1 3948
+2 3646
+4 1823
+6 1823
-6 12761
+2 5469
+1 1823
2005 5469
4039 151
+6 151
-6 1057
+2 453
+1 151
2005 453
4269 9771
+3 12956
-3 9714
+3 12928
-3 6460
+3 9678
+97 3246
+1 6492
+2 6492
+3 9748
+17 15
3904 15
4299 30
+3 20
+2 10
+3 20
-3 10
+3 20
cfn=(746) unlink_chunk.constprop.0
calls=10 1626 
* 300
+3 40
+15 18
-5 9
+5 18
+1 18
+3 9
+1 9
+1 9
+3 18
+1 9
+1 18
+2 10
+3 40
+2 15
+1 5
2005 5
4347 5
2005 10
4341 32
+2 12
+1 4
2005 4
4347 4
2005 9
4347 1
2005 2
4272 3
+2 12
+1 6
-1 32
+1 16
-3 16
+41 1
-1 1
+1 2
3193 12
+1 8
+2 16
+1 4
+1 4
4174 4
+18 10
+1 30
+6 10
+5 5
+1 15
cfn=(746)
calls=5 1626 
* 190
-1 5
+4 15
2005 5
4239 5
2005 10
4380 3241
-2 6482
+2 3241
-1 3241
+6 3241
-5 3241
-3 3241
+3 3241
+2 3241
-2 12964
2005 3241
4382 3241
2005 6482
4407 20
cfn=(544) sysmalloc
calls=5 2548 
* 828
* 5
+1 10
2005 15
4211 5
-1 5
+1 10

fn=(740) realloc
3400 210
+6 42
+4 42
+7 42
+11 21
-2 21
+5 21
-3 42
+2 42
+4 63
fi=(156)
162 63
fe=(155)
3442 84
+1 42
1343 42
+19 126
3452 42
+31 63
+2 105
cfn=(744) _int_realloc
calls=21 4818 
* 45278
* 21
+1 105
fi=(156)
162 63
fe=(155)
3486 42
+29 189

fn=(744)
4818 147
+11 84
+1 105
+6 42
+2 42
+1 63
+2 84
+3 42
+89 189
-79 42
+12 42
+12 63
cfn=(542)
calls=21 1343 
* 4414
* 21
+1 42
+3 21
+1 21
+5 42
+8 21
-1 21
+4 21
-3 126
+3 21
cob=(2)
cfi=(50)
cfn=(646) 0x0000000004876620
calls=21 0 
* 37194
+1 84
cfn=(686) _int_free
calls=21 4421 
* 2263
+2 21

fn=(748) systrim.constprop.0
2986 2
-9 6
+9 4
+2 2
+1 4
+5 2
+1 2
-1 4
+4 10
+2 4
-10 1
+50 8
-33 2
cfi=(158) ./malloc/./malloc/morecore.c
cfn=(548) __glibc_morecore
calls=1 25 
* 28
* 1
+1 4
+12 3
cfi=(158)
cfn=(548)
calls=1 25 
* 45
+1 2
cfi=(158)
cfn=(548)
calls=1 25 
* 28
+2 1
+2 2
+4 2
+4 2
-1 1
+1 2
+2 2

fn=(686)
4421 41896
+10 5237
-10 15711
+10 10474
+6 26185
+1 10474
+4 20948
+8 26185
-1 10474
+1 10474
+29 5217
-20 5217
-6 5217
+6 10434
+20 20868
+14 10444
+11 20808
+2 15606
2012 15606
4527 5202
+1 5202
+4 15606
+2 15606
+4 10404
+2 20808
+1 5202
+19 20806
4702 57607
4569 40
+3 20
+3 60
+7 20
-4 20
+4 40
+3 40
+5 60
+3 40
+1 40
+1 40
2012 60
4601 40
+1 7
+2 7
-1 7
+2 28
+2 14
cfn=(746)
calls=7 1626 
* 240
+3 40
+5 34
+4 17
+9 17
-1 17
+1 51
+1 34
+2 17
+2 34
+5 17
+1 17
+2 51
+1 17
+30 40
+20 60
3181 15
+4 15
-4 15
+2 60
+1 15
+1 15
4482 15
4635 51
+38 15
+3 10
+2 5
-2 5
-23 3
+1 9
+1 6
-68 60
-2 40
+89 2
cfn=(768) malloc_consolidate
calls=1 +41 
* 395452
* 1
+4 20
+2 4
cfn=(748)
calls=2 2986 
* 174
* 2

fn=(768)
4715 1
+17 1
-17 4
+28 1
-28 3
+15 1
+2 1
+13 2
+1 2
-1 18
+1 18
+62 30
+1 8
-31 10224
+4 14
+2 7
+1 14
+1 14
+2 14
-4 5105
+1 10210
+1 10210
+2 10210
+1 9790
+4 4895
+2 4895
-2 9790
+3 4895
+9 9790
-12 217
+2 217
-2 434
+3 217
+9 5815
-56 10404
+4 15606
+1 20808
+8 5202
-3 10404
+3 5202
-3 5202
+4 5202
-4 5202
+5 5202
-5 5202
+5 10404
+2 10404
+1 4
+2 4
-1 4
+2 16
+2 24
cfn=(746)
calls=4 1626 
* 100
* 16
+3 10404
+25 90
+1 180
+1 180
-23 5105
+1 15315
+16 5105
-16 5105
cfn=(746)
calls=5105 1626 
* 126974
* 15315

fn=(682) free
3352 8199
+4 16398
-4 5217
+14 5217
-14 10434
+12 5217
+4 5217
-4 5217
+4 10434
+17 15648
fi=(156)
162 15648
fe=(155)
3391 10432
cfn=(686)
calls=5216 4421 
* 838950
+3 5216
+1 20864
-23 3
+2 4
+2 1
+1 1
-1 1
+1 1
+1 1
+3 2
cfn=(760)
calls=1 3044 
* 35
+13 1
+1 2986

fn=(746)
1626 5131
+2 25655
+3 10262
+1 5131
-1 15393
+3 20524
+3 5131
+1 5131
+1 24989
+2 30
+1 90
+3 30
+14 15
+1 30
+3 10262

fn=(584) malloc
3287 12
+7 4
1343 4
+19 8
3306 8
+3 4
+10 6
+28 10
1362 2
3304 6
+7 3
+10 8
cfn=(542)
calls=2 1343 
* 279
+1 10
fi=(156)
162 4
fe=(155)

fn=(612) sysmalloc_mmap.constprop.0
2420 3
+13 3
+5 2
+3 9
cfi=(171) ./misc/../sysdeps/unix/sysv/linux/mmap64.c
cfn=(614) mmap
calls=1 47 
* 9
* 1
+3 2
+4 2
2028 4
2466 3
+19 1
-1 1
+5 1
-4 2
+4 2
+1 5
+3 3
+1 5
+5 5

fn=(540)
3235 3
+9 8
+1 3
cfn=(542)
calls=1 1343 
* 367
* 1
+1 2
+8 4
+7 2
+2 1
+1 2
-1 1
+1 86
+3 4

fn=(544)
2548 45
+20 20
+11 10
+1 14
+26 4
+1 12
+1 4
+9 28
+6 12
+3 12
2941 8
+1 4
+5 8
+3 8
+5 8
-2 4
+2 4
-1 4
+1 4
-3 4
+3 4
+1 4
-1 12
+1 4
+2 8
2581 3
+4 3
+9 4
cfn=(612)
calls=1 2420 
* 63
+1 2
2964 55
2687 8
+9 16
+13 12
+8 20
+8 8
+39 8
+2 12
+6 14
+1 3
2946 3
2773 9
+2 2
2896 1
-1 1
+1 3
+1 1
+11 2
fi=(156)
565 4
fe=(155)
2727 4
cfi=(158)
cfn=(548)
calls=4 25 
* 186
+1 8
-1 4
+1 4
2028 4
2729 4
2028 4
2729 4
2028 8
2730 4
+3 8
+33 8
2610 8
2775 2
+40 3
+22 1
+1 1
-1 1
+1 6
+2 2
+1 3
cfi=(158)
cfn=(548)
calls=1 25 
* 28
+12 2
-12 1
+12 1
2028 4
2897 4
2765 2
-52 3

fl=(191) ./stdlib/./stdlib/exit.c
fn=(772) __run_exit_handlers
40 11
+5 2
+3 5
+50 1
-42 1
+2 3
+8 6
+2 1
+3 1
-3 1
+3 6
+34 1
+1 1
+1 1
-2 1
+7 1
-3 2
+3 3
+1 3
cob=(1) /usr/lib/x86_64-linux-gnu/ld-linux-x86-64.so.2
cfi=(193) ./elf/./elf/dl-fini.c
cfn=(776) _dl_fini
calls=1 -82 
* 818
+1 4
+10 2
+1 2
-63 1
+69 4
+2 2
+1 6
cfi=(165) ./libio/./libio/genops.c
cfn=(824) _IO_cleanup
calls=1 863 
* 232
* 3
+2 2
cfi=(199) ./posix/../sysdeps/unix/sysv/linux/_exit.c
cfn=(832) _Exit
calls=1 27 
* 5
-90 1
cfi=(192) ./stdlib/./stdlib/cxa_thread_atexit_impl.c
cfn=(774) __call_tls_dtors
calls=1 149 
* 12
* 1

fn=(770) exit
142 3
+1 3
-1 1
+1 1
cfn=(772)
calls=1 40 
* 1146

fl=(83) ./string/../sysdeps/x86_64/multiarch/strpbrk.c
fn=(294) strpbrk
29 1
fi=(200)
+1 5
fe=(83)
-1 1

fl=(162) ./io/../sysdeps/unix/sysv/linux/stat64.c
fn=(570) stat
28 2
+1 4
cfi=(163) ./io/../sysdeps/unix/sysv/linux/fstatat64.c
cfn=(572) fstatat
calls=1 153 
* 8

fl=(176) ./string/../sysdeps/x86_64/multiarch/memmove-vec-unaligned-erms.S
fn=(648) memcpy@GLIBC_2.2.5
212 5232
+1 5232
+6 5232
+1 5232
+2 43
+1 43
+1 43
+2 21
+1 21
+1 21
+4 21
360 5189
+1 5189
+2 2384
+4 2384
+1 59
+1 59
+1 59
+1 59
+1 59
+1 59
+2 59
+2 59
+6 2325
+1 2325
+1 2325
+1 2325
+1 2325
+29 2805
+1 2805
+1 2805
+1 2805
+1 2805
+24 22
+1 22
+24 22
+1 22
+4 22
+2 22
+4 22
+1 22
+11 22
+3 22
+2 22
+2 22
+4 22
+1 22
+9 13
+1 13
+2 13
+2 13
+1 13
+1 13
+3 13
+2 13
+2 13
+2 26
+6 13
+1 13
+1 13
+1 13
+1 13
+1 13
+1 13
+1 13
+1 13
+1 13
+1 13
+1 13
-11 484
+1 484
+1 484
+1 484
+1 484
+1 484
+1 484
+1 484
+1 484
+1 484
+1 484
+1 484
+2 13
+1 13
+1 13
+1 13
+2 13
+4 13
+13 9
+1 9
+2 9
+1 9
+1 9
+2 9
+2 9
+2 18
+6 9
+1 9
+1 9
+1 9
+1 9
+1 9
+1 9
+1 9
+1 9
+1 9
+1 9
+1 9
-11 2576
+1 2576
+1 2576
+1 2576
+1 2576
+1 2576
+1 2576
+1 2576
+1 2576
+1 2576
+1 2576
+1 2576
+2 9
+1 9
+1 9
+1 9
+2 9
+1 9

fl=(90) ./string/../sysdeps/x86_64/multiarch/memcpy.c
fn=(310) memcpy@@GLIBC_2.14
29 2
fi=(91) ./string/../sysdeps/x86_64/multiarch/ifunc-memmove.h
+24 6
-1 4
+4 6
+14 4
+27 4
+1 4
+2 10
fe=(90)

fl=(131) ./ctype/./ctype/ctype-info.c
fn=(418) __ctype_init
29 1
+2 7
+2 4
+2 4
+1 1

fl=(159) ./misc/./misc/sbrk.c
fn=(550) sbrk
37 16
+6 8
-6 8
+3 8
-3 16
+3 8
+3 8
+20 3
+15 40
-20 16
+1 2
cfi=(160) ./misc/../sysdeps/unix/sysv/linux/brk.c
cfn=(552) brk
calls=1 -24 
* 9
* 2
+4 1
-1 16
+4 17
+2 2
-2 3
+8 1
cfi=(160)
cfn=(552)
calls=1 -39 
* 9
* 4
cfi=(160)
cfn=(552)
calls=4 -39 
* 36
* 10

fl=(174) ./io/../sysdeps/unix/sysv/linux/fstat64.c
fn=(632) fstat
29 2
+1 2
+5 3
cfi=(163)
cfn=(572)
calls=1 153 
* 8

fl=(121) ./string/../sysdeps/x86_64/multiarch/strncase.c
fn=(384) strncasecmp
31 1
fi=(203) ./string/../sysdeps/x86_64/multiarch/ifunc-strcasecmp.h
+1 5
fe=(121)
-1 1

fl=(150) ./setjmp/../sysdeps/x86_64/setjmp.S
fn=(514) __sigsetjmp
30 1
+2 1
+9 1
+1 2
+1 1
+4 1
+1 1
+1 1
+1 1
+1 1
+2 2
+2 1
+1 1
+1 1
+2 2
+2 1
+5 1
+1 1
+17 1
cfi=(151) ./setjmp/./setjmp/sigjmp.c
cfn=(516) __sigjmp_save
calls=1 -56 
* 9

fl=(89) ./wcsmbs/../sysdeps/x86_64/multiarch/wcslen.c
fn=(306) wcslen
29 1
fi=(86)
+5 4
-1 2
+15 4
fe=(89)
-19 1

fl=(145) ./csu/../csu/libc-start.c
fn=(486) __libc_start_main@@GLIBC_2.34
242 12
343 3
+1 3
cfi=(146) ./stdlib/./stdlib/cxa_atexit.c
cfn=(488) __cxa_atexit
calls=1 69 
* 71
+25 6
+6 2
-3 2
+10 2
cob=(2)
cfi=(50)
cfn=(504) 0x00000000048766d0
calls=1 0 
* 836
+2 2
+8 4
cfi=(148) ./csu/../sysdeps/nptl/libc_start_call_main.h
cfn=(510) (below main)
calls=1 29 
* 1039592746
128 2
+6 3
+1 6
cob=(2)
cfi=(50)
cfn=(492) 0x0000000000401000
calls=1 0 
* 7
* 1
+3 1
+1 2
+3 2
+1 2
-1 1
+2 9
+1 4
cob=(5) /root/HashTable/a.out
cfi=(147) /build/gcc-11-XeT9lY/gcc-11-11.4.0/build/x86_64-linux-gnu/libgcc/../../../src/libgcc/config/i386/crtfastmath.c
cfn=(502) set_fast_math
calls=1 -61 
* 5
* 4
cob=(5)
cfi=(144) ???
cfn=(496) 0x00000000004013f0
calls=1 0 
* 11
-1 7

fl=(112) ./string/../sysdeps/x86_64/multiarch/strcasecmp_l.c
fn=(360) strcasecmp_l
31 1
fi=(203)
+1 5
fe=(112)
-1 1

fl=(192)
fn=(774)
149 4
+1 4
+18 4

fl=(117) ./string/../sysdeps/x86_64/multiarch/stpcpy.c
fn=(372) stpcpy
33 1
fi=(98)
+3 2
+1 1
-1 2
+14 3
fe=(117)
-17 1

fl=(167) ./nptl/./nptl/libc-cleanup.c
fn=(596) __libc_cleanup_push_defer
24 40005
+3 80010
+3 160020
+1 40005
+2 40005
+1 40005

fn=(598) __libc_cleanup_pop_restore
39 40005
+3 80010
+2 80010
+1 80010
+2 40005

fl=(106) ./string/../sysdeps/x86_64/multiarch/memcmp.c
fn=(346) bcmp
29 1
fi=(107) ./string/../sysdeps/x86_64/multiarch/ifunc-memcmp.h
+5 2
+1 1
-1 2
+16 3
fe=(106)
-21 1

fl=(172) ./libio/./libio/iofread.c
fn=(620) fread
31 5
+1 1
-1 1
+1 1
-1 2
+4 2
+2 17
+1 4
cfi=(165)
cfn=(622) _IO_sgetn
calls=1 409 
* 1236
fi=(177) ./libio/./libio/libioP.h
883 2
+1 10
fe=(172)
40 2
+1 9
-1 2

fl=(141) ./misc/./misc/init-misc.c
fn=(474) __init_misc
30 1
+1 2
-1 4
+1 3
+2 3
cob=(2)
cfi=(50)
cfn=(476) 0x00000000048765f0
calls=1 -33 
* 27
+4 5
+1 3
+2 4

fl=(143) ./libio/./libio/vtables.c
fn=(480) check_stdfiles_vtables
83 1
+1 4
+1 3
+1 3
+2 1

fl=(140) ./csu/./csu/init-first.c
fn=(472) _init_first
46 4
+5 2
+4 5
+8 1
-2 1
+10 1
-9 1
+1 1
+9 2
-1 1
cfi=(141)
cfn=(474)
calls=1 -41 
* 52

fl=(130) ./elf/./elf/libc_early_init.c
fn=(416) __libc_early_init
33 7
+2 1
cfi=(131)
cfn=(418)
calls=1 -6 
* 17
+3 1
fi=(133) ./elf/../sysdeps/nptl/pthread_early_init.h
-5 2
fe=(130)
+8 1
-3 1
fi=(133)
-5 1
cfi=(132) ./resource/../sysdeps/unix/sysv/linux/getrlimit64.c
cfn=(420) getrlimit
calls=1 +5 
* 10
* 3
+1 6
+11 1
fi=(204) ./elf/../nptl/nptl-stack.h
+13 3
fi=(133)
-13 1
fi=(204)
+13 2
fi=(133)
-4 1
fi=(204)
+4 2
fi=(133)
-6 1
fi=(204)
+6 1
fi=(133)
-12 1
+6 6
+1 1
+4 1
cfi=(134) ./nptl/./nptl/pthread_mutex_conf.c
cfn=(424) __pthread_tunables_init
calls=1 -7 
* 884
fe=(130)
-10 3
+2 2
-2 1
cfi=(137) ./nptl/../sysdeps/unix/sysv/linux/x86/elision-conf.c
cfn=(438) __lll_elision_init
calls=1 +49 
* 147

fl=(181) ./stdio-common/./stdio-common/isoc99_sscanf.c
fn=(698) __isoc99_sscanf
24 520013
fi=(182) ./stdio-common/../libio/strfile.h
+69 160004
fe=(181)
-69 120003
fi=(182)
+69 80002
-1 40001
+1 40001
cfi=(165)
cfn=(588) _IO_no_init
calls=40001 563 
* 1840046
+1 40001
+1 160004
-1 40001
+1 40001
cfi=(183) ./libio/./libio/strops.c
cfn=(702) _IO_str_init_static_internal
calls=40001 -59 
* 1002462273
fe=(181)
-64 120003
-1 40001
+1 40001
-1 200005
+1 40001
cfi=(185) ./stdio-common/./stdio-common/vfscanf-internal.c
cfn=(708) __vfscanf_internal
calls=40001 278 
* 24801409
+4 320008

fl=(156)
fn=(534)
313 1
fi=(155)
3162 3
fe=(156)
313 5
+5 1
fi=(155)
3162 2
cfi=(157) ./stdlib/../sysdeps/unix/sysv/linux/getrandom.c
cfn=(536) getrandom
calls=1 28 
* 9
* 2
fe=(156)
343 2
+4 3
fi=(155)
1966 4
+3 1
-3 1
+3 2
-3 2
+3 126
-3 126
+3 252
-3 252
fe=(156)
352 3
fi=(155)
1977 1
+1 1
+2 1
fe=(156)
352 1
cob=(2)
cfi=(50)
cfn=(426) 0x0000000004876650
calls=1 0 
* 23
+1 4
cob=(2)
cfi=(50)
cfn=(426)
calls=1 0 
* 22
+1 4
cob=(2)
cfi=(50)
cfn=(426)
calls=1 0 
* 23
+1 4
cob=(2)
cfi=(50)
cfn=(426)
calls=1 0 
* 23
+1 4
cob=(2)
cfi=(50)
cfn=(426)
calls=1 0 
* 22
+1 4
cob=(2)
cfi=(50)
cfn=(426)
calls=1 0 
* 23
+1 4
cob=(2)
cfi=(50)
cfn=(426)
calls=1 0 
* 23
+2 4
cob=(2)
cfi=(50)
cfn=(426)
calls=1 0 
* 23
+1 4
cob=(2)
cfi=(50)
cfn=(426)
calls=1 0 
* 23
+1 4
cob=(2)
cfi=(50)
cfn=(426)
calls=1 0 
* 23
+3 4
cob=(2)
cfi=(50)
cfn=(426)
calls=1 0 
* 23
+1 4
cob=(2)
cfi=(50)
cfn=(426)
calls=1 0 
* 23
+1 2
+63 7

fl=(171)
fn=(614)
47 2
+3 2
+8 4
+2 1

fl=(110) ./string/../sysdeps/x86_64/multiarch/strchrnul.c
fn=(354) strchrnul
31 1
fi=(205) ./string/../sysdeps/x86_64/multiarch/ifunc-avx2.h
+2 5
-1 2
fe=(110)
-1 1

fl=(164) ./libio/./libio/iofopen.c
fn=(580) fopen@@GLIBC_2.2.5
85 6
-20 1
+20 2
-20 1
cob=(2)
cfi=(50)
cfn=(582) 0x0000000004876380
calls=1 -65 
* 185
+2 3
+3 1
+2 2
-2 1
+2 5
cfi=(165)
cfn=(588)
calls=1 563 
* 55
+1 1
+1 1
-1 1
+1 1
cfi=(166) ./libio/./libio/fileops.c
cfn=(592) _IO_new_file_init_internal
calls=1 +32 
* 113
+1 5
cfi=(166)
cfn=(600) _IO_file_fopen@@GLIBC_2.2.5
calls=1 213 
* 207
* 2
-38 2
+50 7

fl=(183)
fn=(702)
36 560014
+4 80002
+1 120003
cob=(2)
cfi=(50)
cfn=(704) 0x00000000048763a0
calls=40001 -41 
* 999582201
* 40001
+5 200005
cfi=(165)
cfn=(634) _IO_setb
calls=40001 329 
* 960024
+5 80002
-1 160004
+14 40001
-14 240006
+15 280007
-14 120003

fn=(754) _IO_str_underflow
142 2
+1 8
+2 10
+6 6
+3 2
+1 2

fl=(160)
fn=(552)
35 6
+1 24
+1 12
+6 6
+1 6

fl=(165)
fn=(692) _IO_default_finish
601 3
+2 3
+6 3
+3 3
54 2
624 2

fn=(668) _IO_un_link
53 2
+1 4
+28 2
cfn=(670) __GI__IO_un_link.part.0
calls=1 -30 
* 104

fn=(670)
52 2
+7 1
-7 7
+6 6
cfi=(167)
cfn=(596)
calls=1 -34 
* 10
+1 9
+2 1
-1 1
-1 2
+2 10
+13 1
-13 1
+2 1
+13 1
-15 2
+15 1
-13 2
+3 1
-1 2
+1 1
+8 2
+2 11
+2 2
-1 1
+1 7
+1 2
cfi=(167)
cfn=(598)
calls=1 -40 
* 8
+3 9

fn=(626) _IO_doallocbuf
343 1
+1 2
-1 3
+3 4
+1 1
fi=(177)
940 3
+2 2
+1 2
fe=(165)
347 2
cfi=(173) ./libio/./libio/filedoalloc.c
cfn=(628) _IO_file_doallocate
calls=1 78 
* 280
* 2
+3 4

fn=(710) _IO_sputbackc
635 599995
+3 359997
+1 239998
+9 119999
+3 479996
-10 239998
+1 119999
+5 119999

fn=(594) _IO_link_in
87 14
+1 2
-1 6
+1 6
+18 20
-16 1
+2 3
-2 1
+2 1
+1 1
-1 3
cfi=(167)
cfn=(596)
calls=1 -68 
* 10
+1 9
+2 1
-1 1
-1 2
+2 10
+5 1
-3 1
-2 2
+3 1
-1 1
+3 12
+1 1
+1 7
+1 2
cfi=(167)
cfn=(598)
calls=1 -64 
* 8
+3 1

fn=(588)
563 400020
+1 40002
cfn=(590) _IO_old_init
calls=40002 -33 
* 920048
+1 40002
+1 80004
+2 1
+4 1
+7 1
+2 1
-9 5
+15 1
+1 6
-1 40001
+1 240006
-2 80002

fn=(752) _IO_default_uflow
361 4
fi=(177)
940 4
fe=(165)
361 2
fi=(177)
940 2
fe=(165)
361 4
+1 2
fi=(177)
942 4
+1 4
fe=(165)
362 4
cfi=(183)
cfn=(754)
calls=2 142 
* 30
+1 4
+3 8

fn=(826) _IO_flush_all_lockp
686 12
+5 6
cfi=(167)
cfn=(596)
calls=1 24 
* 10
+1 9
+3 1
-8 1
+5 2
+3 2
fi=(177)
940 4
fe=(165)
709 6
+2 3
-16 9
+2 3
+1 6
+3 21
+14 9
+1 2
cfi=(167)
cfn=(598)
calls=1 39 
* 8
+4 12

fn=(634)
329 360027
+1 160014
+5 80006
-3 40003
+3 160012
+3 160013
-7 1
cob=(2)
cfi=(50)
cfn=(680) 0x0000000004876370
calls=1 0 
* 129
+4 3

fn=(750) __uflow
299 10
+1 6
+5 6
+3 2
173 2
308 4
+2 4
+6 4
+7 2
fi=(177)
940 6
+2 4
+1 4
fe=(165)
323 2
+1 2
-1 2
+1 4
-1 2
cfn=(752)
calls=2 +38 
* 72
-23 4
+21 6

fn=(590)
531 40002
+3 40002
-2 40002
+2 40002
+5 40002
-7 40002
+2 40002
+10 40002
-10 40002
+16 40002
-11 40002
-5 40002
+16 40002
-16 40002
+21 40002
-16 200010
+16 80004
+1 2
+2 40002

fn=(622)
409 2
fi=(177)
940 3
fe=(165)
409 1
+2 1
fi=(177)
942 2
+1 2
fe=(165)
411 1
+1 2
-1 1
cfi=(166)
cfn=(624) _IO_file_xsgetn
calls=1 1272 
* 1221

fn=(640) __underflow
269 5
+1 4
+5 3
+3 1
173 1
278 2
+2 2
+6 2
+7 1
fi=(177)
940 3
+2 2
+1 2
fe=(165)
293 1
+1 1
-1 1
+1 2
-1 1
cfi=(166)
cfn=(642) _IO_file_underflow@@GLIBC_2.2.5
calls=1 461 
* 99
-2 3

fn=(644) _IO_switch_to_get_mode
164 5
+1 3
+3 3
+4 2
+1 2
+7 1
-4 1
+4 1
-2 2
+3 1
+1 4

fn=(674) _IO_unsave_markers
960 2
+2 1
-2 1
+2 1
+5 3
+2 2

fn=(824)
863 2
+3 1
-3 9
-77 1
+80 1
cfn=(826)
calls=1 686 
* 126
-80 2
+80 1
-80 3
cfi=(167)
cfn=(596)
calls=1 24 
* 10
+1 9
+3 1
-3 2
+3 2
fi=(177)
940 4
fe=(165)
838 3
-48 9
+9 9
+2 6
+41 9
+1 2
cfi=(167)
cfn=(598)
calls=1 39 
* 8
+35 12

fl=(104) ./string/../sysdeps/x86_64/multiarch/strcat.c
fn=(340) strcat
29 1
fi=(98)
+7 2
+1 1
-1 2
+14 3
fe=(104)
-21 1

fl=(118) ./string/../sysdeps/x86_64/multiarch/memchr.c
fn=(376) memchr
29 1
fi=(202)
+6 5
-1 2
fe=(118)
-5 1

fl=(169) ./string/../string/strstr.c
fn=(606) __GI_strstr
77 8
+5 1
-5 3
+5 2
+2 4
cob=(2)
cfi=(50)
cfn=(608) 0x0000000004876600
calls=1 -84 
* 26
* 1
+1 2
+44 1
+32 12

fl=(195) ./nptl/./nptl/pthread_mutex_unlock.c
fn=(780) pthread_mutex_unlock@@GLIBC_2.2.5
367 1
51 3
+1 2
367 1
57 2
+8 1
-3 1
-23 1
+1 2
+30 1
369 2
40 3
+1 2
+33 2
+6 4
+4 3
+3 3

fl=(196) ./stdlib/./stdlib/cxa_finalize.c
fn=(806) __cxa_finalize
30 2
+3 2
-3 7
+3 4
+3 3
+4 6
-4 3
+58 4
+4 6
-4 3
+11 2
+1 2
cfi=(197) ./posix/./posix/register-atfork.c
cfn=(808) __unregister_atfork
calls=1 -30 
* 16
+1 4
+1 8

fl=(97) ./string/../sysdeps/x86_64/multiarch/stpncpy.c
fn=(326) stpncpy
31 1
fi=(98)
+5 2
+1 1
-1 2
+14 3
fe=(97)
-19 1

fl=(96) ./wcsmbs/../sysdeps/x86_64/multiarch/wcscmp.c
fn=(324) wcscmp
30 1
fi=(201)
+3 5
-1 2
fe=(96)
-2 1

fl=(109) ./string/../sysdeps/x86_64/multiarch/memrchr.c
fn=(352) memrchr
29 1
fi=(205)
+4 5
-1 2
fe=(109)
-3 1

fl=(166)
fn=(630) _IO_file_stat
1146 1
+1 2
cfi=(174)
cfn=(632)
calls=1 29 
* 15

fn=(690) _IO_file_finish@@GLIBC_2.2.5
168 5
+1 2
+7 1
-1 2
+1 2
-1 1
cfi=(165)
cfn=(692)
calls=1 601 
* 16

fn=(602) _IO_file_open
182 2
+3 1
-3 7
+2 2
+4 1
cfi=(168) ./io/../sysdeps/unix/sysv/linux/open64.c
cfn=(604) open
calls=1 30 
* 34
* 1
+1 2
+3 2
+3 1
-4 1
+1 4
+3 2
+10 2
cfi=(165)
cfn=(594)
calls=1 87 
* 24
+1 1
+1 4

fn=(592)
106 1
+5 1
-5 2
+4 1
+3 1
cfi=(165)
cfn=(594)
calls=1 -26 
* 104
+1 1
+1 2

fn=(672) _IO_file_close_it@@GLIBC_2.2.5
128 4
+2 3
+4 2
+3 1
-3 1
-1 2
+6 1
+3 1
-3 1
cfi=(165)
cfn=(674)
calls=1 960 
* 10
+3 3
fi=(177)
940 3
+2 2
+1 2
fe=(166)
142 2
cfn=(676) _IO_file_close
calls=1 1164 
* 9
* 1
+3 3
+8 5
cfi=(165)
cfn=(634)
calls=1 329 
* 160
+1 1
+3 1
-3 3
+3 1
cfi=(165)
cfn=(668)
calls=1 53 
* 4
+5 1
-4 1
+1 1
+3 1
-2 1
+3 5

fn=(676)
1164 1
+3 2
cfi=(180)
cfn=(678)
calls=1 25 
* 6

fn=(636) _IO_file_read
1130 2
+1 2
+2 2
-1 2
+1 4
cfi=(175) ./io/../sysdeps/unix/sysv/linux/read.c
cfn=(638) read
calls=2 25 
* 16

fn=(600)
213 11
+9 2
+2 6
356 12
247 6
+33 4
cfn=(602)
calls=1 -98 
* 91
* 1
+3 2
+3 3
cfi=(169)
cfn=(606)
calls=1 77 
* 60
* 1
+1 2
-40 2
-19 1
-1 1
-13 2

fn=(624)
1272 10
+7 1
-7 1
+7 1
+11 1
fi=(177)
940 3
fe=(166)
1290 4
+2 3
+1 2
-1 6
+1 4
+8 4
+8 4
+9 6
+1 8
+18 2
+1 6
+3 3
fi=(177)
942 1
fe=(166)
1329 1
fi=(177)
942 1
fe=(166)
1329 2
fi=(177)
943 2
fe=(166)
1341 3
cfn=(636)
calls=1 1130 
* 14
+1 2
+12 1
-2 1
+1 1
+1 2
-64 2
+5 3
cob=(2)
cfi=(50)
cfn=(646)
calls=1 0 
* 652
+1 3
+25 2
cfi=(165)
cfn=(640)
calls=1 269 
* 136
* 2
+39 9
-78 3
+5 2
cfi=(165)
cfn=(626)
calls=1 343 
* 306
* 1

fn=(642)
461 1
+4 3
-4 8
+7 2
+6 3
+3 2
+12 2
+9 2
fi=(177)
940 1
+2 1
-2 1
fe=(166)
505 2
cfi=(165)
cfn=(644)
calls=1 164 
* 25
+6 1
+5 1
-5 1
fi=(177)
942 2
fe=(166)
511 1
fi=(177)
942 1
fe=(166)
511 3
fi=(177)
943 2
fe=(166)
516 4
cfn=(636)
calls=1 1130 
* 14
+2 2
+16 1
-9 1
+9 2
+2 2
+1 8

fl=(120) ./string/../sysdeps/x86_64/multiarch/mempcpy.c
fn=(380) mempcpy
33 1
fi=(91)
+20 3
-1 2
+4 3
+14 2
+27 2
+1 2
+2 5
fe=(120)

fl=(137)
fn=(438)
96 2
+5 1
-5 1
+5 1
-5 3
+5 3
cob=(2)
cfi=(50)
cfn=(426)
calls=1 0 
* 22
+2 4
cob=(2)
cfi=(50)
cfn=(426)
calls=1 0 
* 22
+2 4
cob=(2)
cfi=(50)
cfn=(426)
calls=1 0 
* 22
+2 4
cob=(2)
cfi=(50)
cfn=(426)
calls=1 0 
* 22
+2 4
cob=(2)
cfi=(50)
cfn=(426)
calls=1 0 
* 22
+4 3
+1 1
+1 6

fl=(134)
fn=(424)
50 2
+1 2
-1 4
+1 3
cob=(2)
cfi=(50)
cfn=(426)
calls=1 -51 
* 840
+2 4
cob=(2)
cfi=(50)
cfn=(426)
calls=1 -53 
* 23
+2 6

fl=(108) ./wcsmbs/../sysdeps/x86_64/multiarch/wmemset.c
fn=(350) wmemset
31 2
fi=(206) ./wcsmbs/../sysdeps/x86_64/multiarch/ifunc-wmemset.h
+2 10
fe=(108)
-2 2

fl=(151)
fn=(516)
28 3
+2 2
-1 1
+5 3

fl=(185)
fn=(708)
278 520013
+10 200005
+1 40001
fi=(186) ./stdio-common/../include/scratch_buffer.h
78 40001
fe=(185)
289 40001
fi=(186)
77 80002
fe=(185)
339 40001
fi=(186)
77 40001
fe=(185)
339 160004
+6 120003
+3 160004
+4 80002
+13 40001
-6 40001
+8 80002
-8 40001
+8 40001
+5 40001
-5 40001
+5 240006
cfi=(167)
cfn=(596)
calls=40001 24 
* 400010
* 120003
+9 40001
-4 40001
+4 120003
570 40001
284 40001
-1 40001
+10 40001
-11 40001
570 80002
2429 160004
328 80002
+4 40001
-5 40001
-1 40001
-1 40001
-12 40001
2180 40001
2429 40001
2180 200005
418 240002
+24 240002
+1 240002
+3 200000
-65 480000
3015 200000
222 160002
+1 160002
-1 80001
488 80001
222 80001
488 160002
222 80001
488 160002
345 80002
+3 2
482 80001
+22 320004
+25 80001
-4 320004
+7 800010

ob=(5)
fl=(154) /root/HashTable/src/hash_table/string_list.cpp
fn=(522) listsArraysCtor(ListsArrays*)
12 2
+4 1
-4 4
+4 1
-4 1
+4 1
cob=(2)
cfi=(50)
cfn=(524) 0x00000000004011c0
calls=1 -16 
* 2564
+1 2
-1 2
+1 1
cob=(2)
cfi=(50)
cfn=(524)
calls=1 -17 
* 287
+1 2
-1 2
+1 1
cob=(2)
cfi=(50)
cfn=(524)
calls=1 -18 
* 287
+2 1
-2 2
+2 7
+17 2
-7 1
+2 1
+5 1
-9 1
+9 1
-7 1
+3 3
+1 1
+3 73
+1 2
-2 2
+1 90
+1 60
-2 60
+3 70
+5 6

fn=(716) listStrInsertAfter(ListStr*, char*, unsigned long, ListsArrays*)
46 52100
148 46890
+4 15630
+4 26050
55 10420
+5 5210
+2 5210
-2 15630
+2 5210
+1 1856
+1 10420
+1 5210
+2 5210
+4 5210
-4 10420
+1 5210
+1 5210
+2 5210
cob=(2)
cfi=(50)
cfn=(718) 0x0000000000401190
calls=5210 -71 
* 99836
+1 20840
cob=(2)
cfi=(50)
cfn=(524)
calls=5210 -72 
* 1163463

ob=(3)
fl=(185)
fn=(708)
612 160002
+5 80001
-1 160002
+1 160002
+1 120003
+3 240003
+1 640008
+6 720000
+3 239998
-3 119999
+3 479996
-3 240002
+3 12
+1 560007
+1 399999
+4 159998
-4 159998
cfi=(165)
cfn=(710)
calls=79999 +2 
* 1519981
+4 639992
-9 4
cfi=(165)
cfn=(750)
calls=2 299 
* 148
* 12
3025 160004
cfi=(167)
cfn=(598)
calls=40001 39 
* 320008
fi=(186)
85 120003
fe=(185)
3029 80002
+17 80000
+6 480012
442 40000
+6 80000
3031 3
637 40023
+16 200000
+5 80000
-21 40000
1017 200005
+2 200005
+2 320002
+10 80000
-10 40000
+10 120000
+71 40000
-81 280000
+81 40000
-81 120000
1144 1377744
1031 344436
1144 172218
1031 344436
1144 132218
-45 344436
+3 172218
-1 344436
+1 344436
-1 344436
2943 80000
+40 120000
+2 80000
+8 80000
-10 40000
+8 80000
660 80000
+2 120000
+1 520000
2048 200000
1033 120000
cfi=(165)
cfn=(710)
calls=40000 635 
* 760000
+1 40000
-11 6
-2 3
+1 1
-3 560014

fl=(82) ./string/../sysdeps/x86_64/multiarch/strnlen.c
fn=(292) strnlen
31 2
fi=(205)
+2 10
-1 4
fe=(82)
-1 2

fl=(175)
fn=(638)
25 2
+1 12
+1 2

fl=(84) ./string/../sysdeps/x86_64/multiarch/strcmp.c
fn=(296) strcmp
65 2
-24 4
+1 2
-1 4
+15 6
+9 2

fl=(99) ./wcsmbs/../sysdeps/x86_64/multiarch/wmemchr.c
fn=(330) wmemchr
31 2
fi=(207) ./wcsmbs/../sysdeps/x86_64/multiarch/ifunc-evex.h
+4 10
-1 4
fe=(99)
-3 2

fl=(146)
fn=(488)
69 9
-28 2
+2 6
+1 2
cfn=(490) __new_exitfn
calls=1 +38 
* 32
+2 2
+10 1
+2 1
-5 3
+3 1
-1 1
+4 2
+1 1
-1 2
+12 6

fn=(490)
82 1
+6 2
-6 4
+11 4
-10 2
+12 4
-2 1
+10 1
-10 3
+45 1
+5 1
-4 1
+4 4
-18 1
-1 1
+1 1

fl=(163)
fn=(572)
153 4
-55 4
+70 6
+1 2

fl=(158)
fn=(548)
25 8
+1 16
-1 8
+4 8
cfi=(159)
cfn=(550)
calls=8 +8 
* 243
+1 16
+4 16

fl=(101) ./string/../sysdeps/x86_64/multiarch/strcasecmp.c
fn=(334) strcasecmp
31 1
fi=(203)
+1 5
fe=(101)
-1 1

fl=(105) ./string/../sysdeps/x86_64/multiarch/strncase_l.c
fn=(344) strncasecmp_l
31 1
fi=(203)
+1 5
fe=(105)
-1 1

fl=(148)
fn=(510)
29 4
+15 1
-15 5
+15 1
cfi=(149) ./setjmp/../sysdeps/x86_64/bsd-_setjmp.S
cfn=(512) _setjmp
calls=1 -16 
* 34
* 1
+2 2
+5 2
+1 2
+3 2
+3 6
cob=(5)
cfi=(152) /root/HashTable/src/main.cpp
cfn=(518) main
calls=1 -49 
* 1039591530
* 1
+16 1
cfi=(191)
cfn=(770)
calls=1 +68 
* 1154

fl=(173)
fn=(628)
78 9
+6 4
fi=(177)
940 3
+2 2
+1 2
fe=(173)
84 3
cfi=(166)
cfn=(630)
calls=1 1146 
* 18
* 2
+2 4
+11 4
+4 2
cob=(2)
cfi=(50)
cfn=(582)
calls=1 0 
* 187
* 1
+1 2
+2 4
cfi=(165)
cfn=(634)
calls=1 329 
* 24
+1 1
+1 8

fl=(100) ./string/../sysdeps/x86_64/multiarch/strncmp.c
fn=(332) strncmp
66 1
-25 4
+15 4
+1 2
+9 1

fl=(132)
fn=(420)
38 2
+1 7
+1 1

fl=(142) ./string/../sysdeps/x86_64/multiarch/../strrchr.S
fn=(478) __strrchr_sse2
23 1
+1 1
+1 1
+1 1
+1 1
+1 1
+1 1
+1 1
+1 1
+1 1
+1 1
+1 1
+1 1
+1 1
+1 1
+1 1
+1 1
+1 1
+1 1
+1 1
+1 1
+1 1
+1 1
+1 1
+1 1

fl=(80) ./string/../sysdeps/x86/cacheinfo.c
fn=(288) __x86_cacheinfo
86 1
fi=(81) ./string/../sysdeps/x86/cacheinfo.h
-25 1
+3 3
+2 1
+1 1
-1 2
+7 3
+2 1
+1 1
-1 2
+5 2
+2 2
+1 2
+1 2
+2 2
fe=(80)
* 2

fl=(178) ./libio/./libio/ferror.c
fn=(658) ferror
32 1
+4 1
-1 2
+3 3
+3 1

fl=(114) ./string/../sysdeps/x86_64/multiarch/strncpy.c
fn=(364) strncpy
29 1
fi=(98)
+7 2
+1 1
-1 2
+14 3
fe=(114)
-21 1

fl=(95) ./string/../sysdeps/x86_64/multiarch/memmove.c
fn=(320) memmove
29 2
fi=(91)
+24 6
-1 4
+4 6
+14 4
+27 4
+1 4
+2 10
fe=(95)

fl=(113) ./string/../sysdeps/x86_64/multiarch/strlen.c
fn=(362) strlen
29 2
fi=(205)
+4 10
-1 4
fe=(113)
-3 2

fl=(94) ./string/../sysdeps/x86_64/multiarch/strrchr.c
fn=(318) rindex
28 1
fi=(205)
+5 5
-1 2
fe=(94)
-4 1

fl=(149)
fn=(512)
28 1
+2 1
+2 1
cfi=(150)
cfn=(514)
calls=1 -2 
* 31

fl=(179) ./libio/./libio/iofclose.c
fn=(666) fclose@@GLIBC_2.2.5
34 5
+14 3
fi=(177)
883 2
+1 3
fe=(179)
57 1
fi=(177)
940 3
+2 2
+1 2
fe=(179)
57 3
cfi=(166)
cfn=(690)
calls=1 168 
* 29
+1 3
+13 2
fi=(177)
855 4
+1 4
+6 2
cob=(2)
cfi=(50)
cfn=(680)
calls=1 0 
* 91
fe=(179)
76 5
-27 1
cfi=(165)
cfn=(668)
calls=1 +4 
* 108
+2 12
+1 1
-1 2
fi=(177)
883 2
fe=(179)
52 2
+1 2
cfi=(166)
cfn=(672)
calls=1 +75 
* 236
fi=(177)
883 1
fe=(179)
53 1
fi=(177)
883 2
+1 4
fe=(179)

fl=(157)
fn=(536)
28 1
+1 7
+1 1

fl=(199)
fn=(832)
27 2
+3 1
+1 2

fl=(102) ./string/../sysdeps/x86_64/multiarch/strcspn.c
fn=(336) strcspn
29 1
fi=(200)
+1 5
fe=(102)
-1 1

fl=(197)
fn=(808)
76 2
+1 1
-1 1
+1 3
fi=(198) ./posix/../malloc/dynarray-skeleton.c
243 1
fe=(197)
65 2
+38 4
+1 2

fl=(161) ./string/../sysdeps/x86_64/multiarch/memset-vec-unaligned-erms.S
fn=(556) __memset_sse2_unaligned
125 4
+1 20
+6 4
+1 4
+1 4
+1 4
283 4
+1 4
+5 4
+3 4
+1 4
+3 4
+1 4
+13 4
+1 4
+2 4
+3 4
+3 8
+3 4
+1 4
+1 4
+1 4
+1 4
+1 4
+1 4
-6 767
+1 767
+1 767
+1 767
+1 767
+1 767
+1 767
+3 4
+1 4
+1 4
+1 4
+5 4

fl=(190)
fn=(762)
117 5
+5 1

fl=(168)
fn=(604)
30 2
+3 1
-3 8
+3 6
+8 8

ob=(5)
fl=(154)
fn=(716)
72 5210
+1 10420
+2 5210
fi=(208) /usr/include/x86_64-linux-gnu/bits/string_fortified.h
-46 10420
fe=(154)
+46 5210
fi=(208)
-46 5210
cob=(2)
cfi=(50)
cfn=(726) 0x00000000004011f0
calls=5210 -29 
* 73471
fe=(154)
+48 5210
+3 5210
-1 5210
+1 36470
+76 14
-44 7
+2 7
-2 7
+2 14
cob=(2)
cfi=(50)
cfn=(736) 0x0000000000401210
calls=7 0 
* 15756
+1 7
-1 7
+1 21
cob=(2)
cfi=(50)
cfn=(736)
calls=7 0 
* 16101
* 7
+1 14
-1 7
+1 42
cob=(2)
cfi=(50)
cfn=(736)
calls=7 0 
* 15696
+2 7
-2 7
+2 56
+13 7
-5 7
+2 7
+2 7
-4 7
+5 7
+1 14
+2 28
+1 7
+1 7
+1 14
-3 28
+1 8114
+1 8114
+1 16228
-3 32456
-75 14

fn=(766) listsArraysDtor(ListsArrays*)
82 5
+4 1
+5 1
-5 3
+1 2
cob=(2)
cfi=(50)
cfn=(756) 0x0000000000401140
calls=1 -87 
* 6
* 16382
cob=(2)
cfi=(50)
cfn=(756)
calls=8191 -87 
* 601236
+1 16384
-2 24576
+5 1
cob=(2)
cfi=(50)
cfn=(756)
calls=1 -91 
* 395600
+1 2
cob=(2)
cfi=(50)
cfn=(756)
calls=1 -92 
* 163
+1 2
cob=(2)
cfi=(50)
cfn=(756)
calls=1 -93 
* 315
+2 1
+2 1
+4 1
-6 1
+5 1
+2 4

fl=(153) /root/HashTable/src/hash_table/hash_table.cpp
fn=(520) hashTableStrCtor(HashTableStr*, unsigned long (*)(char*, unsigned long))
15 2
+5 1
-5 1
+6 1
-6 4
+5 1
-5 1
+5 1
cfi=(154)
cfn=(522)
calls=1 -8 
* 3543
* 2
+3 4
cob=(2)
cfi=(50)
cfn=(524)
calls=1 -23 
* 5503
* 1
+1 2
+5 1
+2 1
+3 1
-5 1
+5 6

fn=(560) loadHashTable(HashTableStr*, char const*)
48 13
+5 1
cfi=(144)
cfn=(562) readFileToBuffer(char const*)
calls=1 -53 
* 6266
* 1
+1 2
+6 2
-3 3
+23 1
-21 1
+21 1
-23 2
+3 7
cob=(2)
cfi=(50)
cfn=(694) 0x0000000000401200
calls=1 -60 
* 51346
* 240000
cob=(2)
cfi=(50)
cfn=(694)
calls=40000 -60 
* 1031133200
* 120003
+1 40000
+13 80000
-13 40000
+13 40000
cfn=(714) hashFuncCRC32(char*, unsigned long)
calls=40000 256 
* 2282180
+1 80000
+5 80000
+15 40000
-15 40000
+14 40000
+1 121856
+4 60297
+1 33490
-2 66980
cob=(2)
cfi=(50)
cfn=(730) 0x00000000004011d0
calls=16745 -98 
* 532297
* 114432
cob=(2)
cfi=(50)
cfn=(730)
calls=38144 -98 
* 1215842
* 109778
-37 120000
+21 11136
cfi=(154)
cfn=(716)
calls=1856 -36 
* 634305
* 16770
cfi=(154)
cfn=(716)
calls=3354 -36 
* 1166234
* 10420

ob=(3)
fl=(168)
fn=(604)
41 2
+2 7

fl=(194) ./nptl/./nptl/pthread_mutex_lock.c
fn=(778) pthread_mutex_lock@@GLIBC_2.2.5
77 1
+3 3
+2 1
+2 2
-7 2
+11 2
+79 1
+3 1
+2 1
+3 1
+2 1
+1 3
-81 2
+11 4
+4 1
+3 2
-71 1
+1 8
+1 1
+84 3
+1 2

fl=(87) ./string/../sysdeps/x86_64/multiarch/memset.c
fn=(302) memset
29 1
fi=(88) ./string/../sysdeps/x86_64/multiarch/ifunc-memset.h
+21 5
+3 3
+7 2
+9 2
fe=(87)

ob=(5)
fl=(153)
fn=(560)
69 12
-3 1
+2 1
-2 1
cob=(2)
cfi=(50)
cfn=(756)
calls=1 -66 
* 703
+2 1

fn=(764) hashTableStrDtor(HashTableStr*)
36 3
+4 2
cfi=(154)
cfn=(766)
calls=1 +42 
* 1054688
+1 2
cob=(2)
cfi=(50)
cfn=(756)
calls=1 -41 
* 134
+3 1
-2 1
+2 1
+2 2

fn=(714)
256 40000
+5 160000
-1 120000
+2 40000
-1 40000
+1 160000
-1 40000
+1 40000
-1 80000
+1 132218
-1 132218
+1 528872
-1 132218
+1 132218
-1 264436
+4 160000
+1 80000

fl=(152)
fn=(518)
9 2
+2 1
-2 1
+3 1
-3 3
+3 1
-1 1
+1 1
-1 4
+1 1
cfi=(153)
cfn=(520)
calls=1 +3 
* 9077
* 2
+9 6
-6 3
cfi=(153)
cfn=(560)
calls=1 +33 
* 1038527585
* 3
+3 2
cfi=(153)
cfn=(764)
calls=1 +18 
* 1054834
* 2

fl=(144)
fn=(562)
0 10
cfn=(564) lenOfFile(char const*)
calls=1 0 
0 775
0 6
cfn=(574) openFile(char const*, char const*)
calls=1 0 
0 1266
0 8
cob=(2)
cfi=(50)
cfn=(524)
calls=1 0 
0 305
0 7
cob=(2)
cfi=(50)
cfn=(616) 0x0000000000401170
calls=1 0 
0 1938
0 3
cob=(2)
cfi=(50)
cfn=(654) 0x0000000000401160
calls=1 0 
0 684
0 7
cfn=(660) closeFile(_IO_FILE*)
calls=1 0 
0 1254
0 3

fn=(574)
0 13
cob=(2)
cfi=(50)
cfn=(576) 0x0000000000401220
calls=1 0 
0 1247
0 6

fn=(484) (below main)
0 12
cob=(3)
cfi=(145)
cfn=(486)
calls=1 242 
0 1039593756

fn=(782) 0x00000000004013c0
0 6
cfn=(786) 0x0000000000401350
calls=1 0 
0 4
0 3

fn=(786)
0 4

fn=(496)
0 11

fn=(660)
0 13
cob=(2)
cfi=(50)
cfn=(662) 0x0000000000401180
calls=1 0 
0 1234
0 7

fn=(564)
0 38
cob=(2)
cfi=(50)
cfn=(566) 0x00000000004011e0
calls=1 0 
0 727
0 10

fl=(147)
fn=(502)
84 1
+10 1
+2 2

ob=(3)
fl=(87)
fn=(302)
fi=(88)
98 4
fe=(87)
-69 1

ob=(5)
fl=(147)
fn=(502)
98 1

ob=(1)
fl=(38) ./elf/./elf/dl-hwcaps.c
fn=(108) _dl_important_hwcaps
175 5
+1 1
-1 6
+1 1
-1 1
+1 1
-1 1
+1 1
-1 1
+1 2
cfi=(10) ./elf/./elf/dl-tunables.c
cfn=(24) __tunable_get_val
calls=1 405 
* 21
* 1
+2 2
+1 3
+26 2
-26 1
+25 1
cfi=(39) ./elf/../sysdeps/x86_64/dl-hwcaps-subdirs.c
cfn=(110) _dl_hwcaps_subdirs_active
calls=1 29 
* 34
fi=(40) ./elf/./dl-hwcaps.h
54 1
fe=(38)
205 1
-1 1
fi=(40)
56 1
+32 1
+1 1
+1 1
fe=(38)
-35 2
cfi=(41) ./elf/./elf/dl-hwcaps_split.c
cfn=(116) _dl_hwcaps_split_masked
calls=1 -4 
* 13
* 2
fi=(40)
-1 1
+2 2
-2 1
+34 2
+1 2
+1 1
fe=(38)
-32 1
-1 1
+1 1
+1 1
-1 1
-3 2
cfi=(41)
cfn=(116)
calls=1 -4 
* 20
* 2
cfi=(41)
cfn=(116)
calls=1 -4 
* 196
* 4
+48 5
fi=(28) ./elf/../include/rtld-malloc.h
-47 1
cfi=(27) ./elf/./elf/dl-minimal-malloc.c
cfn=(76) __minimal_malloc
calls=1 -21 
* 25
fe=(38)
+47 1
+2 2
+3 2
fi=(40)
-52 1
fe=(38)
+55 1
-3 1
fi=(40)
-54 2
+3 1
fe=(38)
+58 2
cfi=(41)
cfn=(122) _dl_hwcaps_split
calls=1 -90 
* 12
* 2
fi=(40)
-61 1
+2 2
-2 1
+34 2
+1 2
+1 1
fe=(38)
+40 2
+1 1
-1 3
+2 1
+1 1
-2 3
-3 2
cfi=(41)
cfn=(116)
calls=1 -77 
* 20
* 2
cfi=(41)
cfn=(116)
calls=1 -77 
* 196
* 4
+8 2
+9 1
-15 1
+15 2
-15 1
+15 2
+70 1
+1 1
+4 1
-5 2
+1 4
+4 2
-4 1
+4 4
+1 1
-1 1
+1 2
+1 2
-2 5
+1 1
-1 1
+1 2
+1 2
-2 5
+5 1
+3 2
-3 2
+3 15
+7 1
-7 2
+2 3
+1 4
+2 1
fi=(209) ./elf/../sysdeps/x86/dl-hwcap.h
57 1
fe=(38)
233 2
fi=(209)
57 1
fe=(38)
233 2
fi=(209)
57 1
fe=(38)
233 1
+1 1
cfi=(22) ./string/../sysdeps/x86_64/multiarch/strlen-vec.S
cfn=(60) strlen
calls=1 41 
* 17
+1 1
+1 1
-6 1
+4 1
+1 1
-5 1
+5 1
+1 1
-1 2
-5 4
+10 3
-2 3
+2 1
+1 1
+1 1
-1 1
+4 4
+1 1
-1 1
+4 2
+4 1
-1 1
+1 4
-1 2
+4 3
+1 3
+19 10
+6 2
fi=(28)
56 1
cfi=(27)
cfn=(76)
calls=1 -21 
* 25
* 1
fe=(38)
283 2
+8 1
fi=(40)
54 1
+2 1
+34 1
-2 2
fe=(38)
-5 1
291 1
fi=(40)
54 1
+35 1
fe=(38)
291 1
fi=(40)
90 1
fe=(38)
-10 2
cfi=(41)
cfn=(116)
calls=1 -29 
* 13
* 2
fi=(40)
-26 2
+2 1
fe=(38)
+27 1
fi=(40)
-29 1
+34 2
+1 2
+1 1
fe=(38)
-8 1
+1 2
+7 1
-7 5
cfi=(29) ./string/../sysdeps/x86_64/multiarch/memmove-vec-unaligned-erms.S
cfn=(126) mempcpy
calls=1 199 
* 13
+4 1
+2 1
+2 1
-2 2
-9 2
cfi=(41)
cfn=(116)
calls=1 -29 
* 20
* 2
cfi=(41)
cfn=(116)
calls=1 -29 
* 196
* 4
304 1
+2 1
-2 1
-48 2
+72 1
-72 1
376 2
+13 2
-58 1
+45 1
+13 1
-58 1
-75 1
+82 1
+10 2
-92 1
+88 1
+4 3
-4 1
+3 7
-3 2
-3 1
+3 1
cfi=(29)
cfn=(126)
calls=1 199 
* 18
* 2
-3 1
+3 1
cfi=(29)
cfn=(126)
calls=1 199 
* 18
* 2
+3 2
-3 4
+3 5
+1 12
+1 2
-2 1
+2 1
cfi=(29)
cfn=(126)
calls=1 199 
* 15
* 2
-2 2
+5 8
cfi=(29)
cfn=(126)
calls=2 199 
* 30
* 4
+2 5
+5 6
+1 1
-1 3
+1 7
-1 25
+5 11
+4 1
-1 1
+1 2
-4 12
+4 2
-1 2
+1 13
-1 9
+1 18
+1 24
-1 12
-1 12
+2 24
-1 24
-1 24
+4 9
+3 1
+2 2
-1 1
-1 1
+2 1
-2 1
+2 2
-1 1
+1 2
+2 6
+1 2
+3 2
-6 2
+6 3
+7 8
+1 1
-1 2
+3 2
-3 3
+1 3
-1 6
+3 6
+3 4
-80 2
+86 9
-20 1
+1 2
-6 3
259 2
+1 2
+1 4
-1 3
+12 4
-44 2
+34 4
-2 3

fl=(46) ./elf/../elf/dl-tls.c
fn=(260) _dl_determine_tlsoffset
221 8
+6 3
+3 2
+36 3
+2 1
-2 1
-2 1
-40 1
-1 1
-1 1
+46 2
+23 3
+3 1
-3 4
+2 2
-2 1
-25 1
+20 1
-20 5
+2 2
+3 1
-1 1
+5 2
-5 1
+1 1
-1 1
+3 2
+2 3
+32 3
-1 1
+1 4
+2 2
-2 2
+53 8

fn=(262) _dl_allocate_tls_storage
422 2
+13 1
-13 2
+2 1
+12 1
fi=(28)
56 1
cfi=(27)
cfn=(76)
calls=1 -21 
* 53
fe=(46)
437 3
+8 2
fi=(28)
44 1
fe=(46)
445 2
+1 1
+4 321
+19 1
-99 1
+4 1
+1 1
fi=(28)
44 1
cfi=(27)
cfn=(72) __minimal_calloc
calls=1 +34 
* 36
fe=(46)
376 2
+3 1
+6 2
+90 5

fn=(236) _dl_assign_tls_modid
131 2
+3 1
+13 1
-13 1
+52 1
+2 1
+3 1
+1 2

fn=(390) _dl_allocate_tls_init
528 10
+1 2
+4 1
+6 1
-6 1
+6 1
cfi=(24) ./elf/../sysdeps/nptl/dl-tls_init_tp.c
cfn=(84) rtld_mutex_dummy
calls=1 42 
* 3
+3 3
+12 1
-18 1
-1 1
+43 3
-19 13
+9 3
+1 2
+6 3
+1 1
+2 2
-2 1
+6 1
-4 2
+4 1
-4 2
+3 2
+4 2
+1 4
+2 2
+1 2
+17 1
-8 1
+8 1
+2 3
cfi=(29)
cfn=(126)
calls=1 199 
* 13
* 5
cfi=(43) ./string/../sysdeps/x86_64/multiarch/memset-vec-unaligned-erms.S
cfn=(130) memset
calls=1 125 
* 25
-49 1
+55 1
-55 4
+6 4
+55 2
cfi=(24)
cfn=(84)
calls=1 42 
* 3
+3 2
+3 9

fn=(146) _dl_count_modids
197 1
+2 2
+1 1
+15 2

fn=(388) _dl_add_to_slotinfo
1015 8
+6 1
+3 1
+1 1
+4 3
+34 2
+3 3
+1 3
+3 6

fn=(258) _dl_tls_static_surplus_init
97 2
+4 1
-4 2
+4 1
-4 2
+4 3
cfi=(10)
cfn=(24)
calls=1 405 
* 21
* 1
+1 4
cfi=(10)
cfn=(24)
calls=1 405 
* 21
* 1
+8 1
-8 1
+6 2
+2 3
+3 1
+2 1
-32 3
+34 3
+1 5

fl=(29)
fn=(80) memcpy
212 18
+1 18
+6 18
+1 18
+2 10
+1 10
+1 10
+2 7
+1 7
+1 7
+2 7
360 8
+1 8
+2 1
+4 1
+1 1
+1 1
+1 1
+1 1
+4 1
+2 1
+39 7
+1 7
+1 7
+1 7
+1 7
+7 3
+1 3
+1 3
+1 3
+1 3
+1 3
+1 3
+11 3
+1 3
+2 3
+1 3
+1 3

fn=(126)
199 29
+1 29
+1 29
+1 29
+17 29
+1 29
+2 5
+1 5
+1 5
+2 4
+1 4
+1 4
+2 4
360 24
+1 24
+2 9
+4 9
+1 3
+1 3
+1 2
+1 2
+1 2
+1 2
+2 2
+2 3
+6 6
+1 6
+1 6
+1 6
+1 6
+29 15
+1 15
+1 15
+1 15
+1 15
+7 1
+1 1
+1 1
+1 1
+1 1
+1 1
+1 1
+11 1
+1 1
+2 1
+1 1
+1 1

fl=(42) ./string/../sysdeps/x86_64/multiarch/../strchr.S
fn=(118) index
23 15
+1 15
+1 15
+1 15
+1 15
+1 15
+1 15
+1 15
+1 15
+1 15
+1 15
+1 15
+1 15
+1 15
+1 15
+1 15
+1 15
+1 15
+1 13
+4 13
+1 13
+1 13
+1 13
+2 13
+4 2
+1 2
+1 2
+1 2
+1 2
+1 2
+1 2
+1 2
+1 2
+1 2
+1 2
+1 2
+1 2
+1 2
+1 2
+1 2
+1 2
+1 2
+1 2
+1 2
+1 2
+1 2
+1 2
+1 2
+52 2
+4 2
+1 2
+1 2
+1 2
+2 2

fl=(15) ./elf/../sysdeps/x86/dl-get-cpu-features.c
fn=(32) _dl_x86_init_cpu_features
37 1
+2 3
+2 1
cfi=(16) ./elf/../sysdeps/x86/cpu-features.c
cfn=(34) init_cpu_features.constprop.0
calls=1 399 
* 7156

fn=(412) __x86_cpu_features
71 1
-32 3
+32 2

fl=(78) ./elf/./elf/dl-lookup.c
fn=(282) check_match
70 97
+3 97
-3 1164
+3 388
+13 97
-13 97
+13 97
-13 97
+13 291
+3 338
cfi=(32) ./string/../sysdeps/x86_64/strcmp.S
cfn=(90) strcmp
calls=36 +19 
* 1703
* 72
+4 97
+1 194
+2 190
+19 190
+1 760
+2 2
-40 96
+84 576
-18 4
+2 4
+1 2
-1 4
+1 6
-1 4
+9 1
+7 6
-45 282
cfi=(32)
cfn=(90)
calls=94 -9 
* 2483
* 188

fn=(280) do_lookup_x
363 808
+1 101
-1 505
+48 101
-30 202
-11 101
+41 101
-30 303
+30 101
fi=(79) ./elf/../sysdeps/generic/dl-protected.h
44 303
fe=(78)
381 101
fi=(79)
44 404
fe=(78)
395 936
+4 312
+4 312
-3 312
+3 1248
+1 936
+3 312
+1 624
+7 312
-3 624
-2 312
+5 1248
+3 2184
570 654
374 628
+3 628
+4 640
+4 624
+4 624
+88 192
fi=(4) ./elf/../sysdeps/generic/ldsodefs.h
137 192
+1 288
fe=(78)
528 192
fi=(79)
29 192
fe=(78)
535 736
+16 192
+1 96
+1 192
422 400
-1 200
+2 200
+2 1200
+13 393
-10 1135
+3 97
-1 194
+1 97
-1 97
+2 194
-1 1164
cfn=(282)
calls=97 70 
* 9627
+4 291
+3 2
573 5
+1 808
-35 24
-70 8
171 28
452 768

fn=(278) _dl_lookup_symbol_x
840 1010
+10 101
-10 202
+10 101
-10 101
+10 101
204 101
840 101
204 505
581 404
-1 202
+2 101
-1 101
+1 303
-1 303
+1 1227
-1 1227
+1 3681
-1 3681
+2 101
846 101
-4 101
+1 101
+7 101
-8 101
+1 101
+7 383
+3 101
+2 202
-2 101
+6 202
-7 606
+7 25
+1 1414
cfn=(280)
calls=101 363 
* 35805
* 303
+28 101
-23 101
+23 101
-23 202
+24 560
+7 96
-7 96
+40 384
+79 192
-65 288
+3 288
-62 101
+69 909
-86 30
+18 15
+59 2

fl=(10)
fn=(54) __GI___tunable_set_val
157 15
-55 5
+55 5
-55 5
+55 5
-55 35
+9 5
+1 5
fi=(210) ./elf/./dl-tunable-types.h
-22 10
fe=(10)
+22 20
+1 40
fi=(11) ./elf/./elf/dl-tunables.h
+8 10
+1 5
fe=(10)
-6 15
fi=(11)
+15 5
fe=(10)
-12 10
+4 10
+7 10
+1 10
+3 30
+1 5
+1 5
+1 5
+24 5
fi=(11)
-30 15
fe=(10)

fn=(24)
405 33
+3 231
+9 33
-9 126
+9 10
+17 165
+2 33
-9 23
+1 23

fn=(18) __GI___tunables_init
282 9
-9 7
71 119
+6 38
-3 38
+3 3406
-3 38
-3 76
357 8
81 76
+5 114
fi=(11)
+54 38
fe=(10)
-54 38
fi=(11)
+54 38
+1 98
-1 77
+1 22
-1 38
+1 76
fe=(10)
323 152
-18 5320
+6 8360
fi=(11)
140 342
+1 684
-1 19
+1 76
-1 95
fe=(10)

fl=(58) ./io/../sysdeps/unix/sysv/linux/fstatat64.c
fn=(190) fstatat
153 24
-55 24
+70 28
+1 4
-2 16
+1 16

fl=(2) ./elf/./elf/rtld.c
fn=(64) dl_main
1320 2
205 1
311 1
1320 2
2818 1
1320 3
2829 1
1320 2
2698 1
1320 2
311 1
1320 3
207 1
310 1
205 1
+99 3
1332 1
cfi=(24)
cfn=(66) __tls_pre_init_tp
calls=1 53 
* 17
2677 3
+6 5
-4 1
+4 1
+2 3
cfi=(25) ./elf/./elf/dl-environ.c
cfn=(68) _dl_next_ld_env_entry
calls=1 28 
* 59
* 4
cfi=(25)
cfn=(68)
calls=2 28 
* 204
* 9
+4 6
-2 2
+2 6
+1 2
-1 6
+1 17
-1 89
+9 12
2845 4
+32 2
1348 1
+1 2
-1 2
+1 2
2774 3
+1 3
-56 2
+7 2
1627 9
cfi=(26) ./elf/./elf/dl-object.c
cfn=(70) _dl_new_object
calls=1 59 
* 230
* 1
+2 2
+1 1
+6 2
-6 1
+1 2
+1 3
+4 1
cfi=(26)
cfn=(82) _dl_add_to_namespace_list
calls=1 31 
* 36
+1 2
1140 1
1326 1
1169 1
-29 1
+11 1
+18 2
-21 1
+21 1
-19 1
-4 1
+23 1
-21 1
+21 2
+57 1
-83 1
+23 1
+4 1
+19 1
+22 1
+15 5
-56 116
1275 4
+2 1
1169 18
fi=(30) ./elf/../sysdeps/x86/dl-prop.h
105 2
fe=(2)
1282 22
+6 4
cfi=(31) ./elf/./elf/dl-load.c
cfn=(88) _dl_process_pt_gnu_property
calls=1 868 
* 20
-7 26
+1 13
+6 13
-6 26
fi=(30)
212 4
+1 2
95 8
+10 2
212 1
105 1
-2 1
-3 1
+2 1
+3 1
-4 2
+92 4
-1 1
-87 3
+3 3
+1 2
+1 2
+4 3
+4 3
+3 3
+1 2
+4 1
+1 4
+58 3
+2 4
-56 4
+1 2
+3 4
+3 2
+1 8
+5 4
+2 4
+5 4
+14 2
-1 4
+2 2
fe=(2)
1174 1
-5 1
+5 2
-5 2
+30 1
-9 1
+27 1
-27 1
+2 1
-3 1
+10 2
-20 2
-10 1
+10 1
+1 9
-11 2
+57 4
-1 4
+1 8
-1 4
+2 8
+1 1
+2 12
+1 14
+4 8
+1 8
+1 4
+1 10
+1 1
+4 1
-74 1
+74 2
-74 2
+74 3
-74 3
+74 6
-74 6
fi=(30)
165 2
fe=(2)
1271 1
1169 1
1271 1
1169 2
1294 1
+3 2
+2 1
-5 2
+3 2
+2 2
+2 2
1662 3
+2 1
-1 1
+1 2
+1 2
-2 1
+2 1
-2 2
cfi=(32)
cfn=(90)
calls=1 108 
* 34
* 2
+7 1
+3 1
-5 1
+3 1
+2 1
+1 2
+4 2
+2 2
fi=(3) ./elf/./get-dynamic-info.h
39 3
+6 1
-2 1
+2 2
+9 1
+5 1
+3 1
+2 1
-3 1
-3 1
-3 11
+13 3
-23 12
+23 20
-23 80
+4 46
+5 16
+2 5
+16 3
+25 3
+5 2
+7 2
+1 3
+22 3
+15 3
+22 2
fe=(2)
1688 3
+7 2
cfi=(8) ./elf/./elf/dl-setup_hash.c
cfn=(14) _dl_setup_hash
calls=1 25 
* 29
+3 2
fi=(33) ./elf/./setup-vdso.h
24 2
fi=(35) ./elf/../sysdeps/unix/sysv/linux/dl-vdso-setup.h
+21 1
fe=(2)
1723 1
cfi=(13) ./elf/../sysdeps/unix/sysv/linux/dl-sysdep.c
cfn=(100) _dl_discover_osversion
calls=1 46 
* 90
* 8
fi=(37) ./elf/./dl-main.h
109 5
cfi=(31)
cfn=(106) _dl_init_paths
calls=1 706 
* 2721
fe=(2)
1731 3
cfi=(45) ./elf/./elf/dl-debug.c
cfn=(144) _dl_debug_initialize
calls=1 56 
* 30
+7 1
-7 1
+2 1
+5 1
+4 1
+3 1
-3 3
+1 2
+3 1
+5 1
-7 1
+7 1
+1 3
+12 2
+1 2
+5 1
-3 2
+2 1
+1 2
+5 3
+1 5
-1 2
233 1
-1 1
+1 3
+1 2
-2 1
+2 2
1793 2
+5 1
-1 1
+1 1
+24 1
cfi=(46)
cfn=(146)
calls=1 197 
* 6
* 1
fi=(47) ./elf/../sysdeps/generic/dl-debug.h
29 3
+1 2
fe=(2)
1828 2
+1 1
cfi=(45)
cfn=(150) _dl_debug_state
calls=1 116 
* 2
+1 1
+4 3
cfi=(48) ./elf/./elf/dl-audit.c
cfn=(152) _dl_audit_activity_map
calls=1 28 
* 16
+5 3
+2 1
+2 2
+9 2
+16 4
cfi=(64) ./io/../sysdeps/unix/sysv/linux/access.c
cfn=(206) access
calls=1 25 
* 9
* 2
+76 4
+16 3
85 1
1970 1
85 2
1970 2
85 1
1970 5
cfi=(65) ./elf/./elf/dl-deps.c
cfn=(208) _dl_map_object_deps
calls=1 159 
* 8106
92 1
1976 1
92 2
+9 2
1976 2
+1 5
-1 4
+1 6
-1 12
+4 4
+1 3
+1 1
+2 2
+1 4
-1 9
+1 9
+12 3
+1 2
+2 1
+2 3
+2 1
-4 1
+5 1
-1 2
+14 2
+1 2
+1 3
+11 2
+2 1
-2 1
+2 2
-2 1
+1 2
+1 1
-1 2
+1 1
cfi=(51) ./elf/./elf/dl-error-skeleton.c
cfn=(248) _dl_receive_error
calls=1 238 
* 4415
+10 2
+1 2
+3 2
862 1
fi=(211) ./elf/../sysdeps/unix/sysv/linux/dl-osinfo.h
64 2
fe=(2)
864 1
+6 1
+3 1
+7 1
-5 1
2052 3
2282 3
1778 2
+6 1
-6 2
+6 1
+2 3
fi=(30)
198 4
+2 1
+1 1
+2 1
-3 3
+3 1
fi=(3)
59 4
+3 4
+2 4
fi=(34) ./elf/../sysdeps/unix/sysv/linux/dl-vdso.h
-24 1
+1 2
fe=(2)
2331 1
1325 1
2342 1
-4 2
+10 1
-6 1
+6 1
+3 2
+8 1
fi=(30)
36 1
fe=(2)
2359 1
fi=(30)
37 3
+3 1
+13 6
-13 3
+9 6
-9 1
+9 20
+4 15
-16 12
+34 3
cfi=(76) ./elf/../sysdeps/x86/dl-cet.c
cfn=(268) _dl_cet_check
calls=1 252 
* 30
fe=(2)
2361 2
+54 3
+3 1
85 4
2422 1
+1 19
+2 8
+5 8
+2 8
+6 4
+2 12
+1 24
cfi=(77) ./elf/./elf/dl-reloc.c
cfn=(270) _dl_relocate_object
calls=3 194 
* 70644
+4 10
+1 2
-23 1
+23 1
cfi=(46)
cfn=(388)
calls=1 1015 
* 28
-23 6
92 3
+1 1
2454 1
93 1
2454 1
+5 4
+2 1
+7 3
cfi=(46)
cfn=(390)
calls=1 528 
* 146
+3 2
fi=(35)
30 3
+3 1
+3 1
+3 1
fi=(34)
+16 2
fe=(2)
2434 1
+1 1
-3 2
+49 3
+2 4
+10 1
cfi=(123) ./elf/./elf/dl-find_object.c
cfn=(392) _dl_find_object_init
calls=1 561 
* 571
+5 2
cfi=(7) ./elf/./elf/dl-minimal.c
cfn=(400) __rtld_malloc_init_real
calls=1 76 
* 2372
+3 1
cfi=(127) ./elf/../sysdeps/nptl/dl-mutex.c
cfn=(408) __rtld_mutex_init
calls=1 30 
* 415
85 1
2507 1
+1 3
85 3
2508 2
cfi=(77)
cfn=(270)
calls=1 194 
* 4806
92 3
+9 2
2516 3
cfi=(129) ./elf/./elf/dl-call-libc-early-init.c
cfn=(414) _dl_call_libc_early_init
calls=1 27 
* 1309
+7 1
cfi=(9) ./elf/../elf/dl-sysdep.c
cfn=(440) _dl_sysdep_start_cleanup
calls=1 262 
* 2
+4 3
cfi=(48)
cfn=(442) _dl_audit_activity_nsid
calls=1 40 
* 21
+5 2
cfi=(45)
cfn=(184) _dl_debug_update
calls=1 38 
* 7
+1 1
-1 1
+2 1
cfi=(45)
cfn=(150)
calls=1 116 
* 2
+1 1
+4 1
cfi=(67) ./elf/./elf/dl-cache.c
cfn=(444) _dl_unload_cache
calls=1 537 
* 18
+5 8
1741 4
1995 2
+50 2
cfn=(256) init_tls
calls=1 756 
* 784
* 2
2726 4
+2 2
+1 1
+46 2
+2 1
+1 1
-1 1
+1 1
+1 1
85 1
1847 1
85 2
1847 1
85 1
1847 2
cfn=(154) handle_preload_list
calls=1 894 
* 3107
* 1
92 3
+9 3
1948 16
+1 1
-1 1
+4 3
+1 1
+1 2
+1 2
-7 2
fi=(30)
170 3
-39 2
fe=(2)

fn=(250) version_check_doit
696 3
+2 4
cfi=(74) ./elf/./elf/dl-version.c
cfn=(252) _dl_check_all_versions
calls=1 361 
* 4387
* 2
+4 2

fn=(2) _dl_start
527 10
85 1
fi=(6) ./elf/../sysdeps/x86_64/dl-machine.h
-40 1
fe=(2)
557 1
-4 1
85 2
556 1
85 1
fi=(3)
-40 1
fe=(2)
556 1
fi=(3)
45 2
+9 1
+5 1
+3 1
+2 1
+4 1
-7 1
-3 1
-3 14
+13 4
-23 16
+23 14
-23 56
+4 36
+5 20
+2 5
+3 4
fi=(4)
+21 1
fi=(3)
-8 3
+10 4
+1 4
+1 4
+1 4
+2 4
+5 4
+1 4
+1 4
+3 3
+5 2
+7 3
+1 3
+8 2
+1 2
+5 3
+3 3
fe=(2)
573 1
fi=(6)
71 1
fe=(2)
573 42
fi=(6)
414 1
fi=(5) ./elf/./elf/do-rel.h
86 1
fe=(2)
573 2
fi=(5)
49 1
+37 1
-37 1
+37 1
+2 1
-2 1
+2 1
-2 1
+27 2
-27 1
fe=(2)
573 2
fi=(5)
49 1
+37 1
-37 1
+37 1
+2 1
-2 1
+2 1
-2 1
+27 3
+1 2
fi=(6)
534 2
fi=(5)
114 282
fi=(6)
534 282
+1 142
fi=(5)
113 142
fi=(6)
535 284
fi=(5)
113 284
+5 4
+8 7
fi=(6)
326 12
fi=(5)
126 21
+2 7
+2 7
-2 7
fi=(6)
287 7
fi=(5)
130 7
-2 7
+1 14
fi=(6)
287 14
+9 70
+3 14
+27 33
fe=(2)
573 6
fi=(5)
50 1
fi=(4)
+30 2
fi=(6)
326 2
+20 12
+1 6
fe=(2)
575 1
+13 1
cfi=(7)
cfn=(12) __rtld_malloc_init_stubs
calls=1 42 
* 10
+4 2
85 1
488 2
85 3
488 1
cfi=(8)
cfn=(14)
calls=1 25 
* 29
+2 2
-1 1
+1 2
+17 1
-15 1
-2 1
+17 1
-15 1
+9 1
-11 1
+17 1
cfi=(9)
cfn=(16) _dl_sysdep_start
calls=1 85 
* 129034
* 1
+2 2
+98 9
fi=(3)
62 4
+2 4
fe=(2)
573 3

fn=(256)
756 3
+2 1
+4 1
-4 1
+4 2
+11 1
fi=(28)
44 1
fe=(2)
768 1
+4 1
fi=(28)
44 1
cfi=(27)
cfn=(72)
calls=1 +34 
* 36
fe=(2)
783 1
-12 1
+6 1
-9 1
+11 1
+4 1
+2 3
-1 2
+3 8
+4 1
+2 1
-2 2
-5 1
-1 2
+10 3
+3 2
cfi=(46)
cfn=(258)
calls=1 97 
* 79
+3 1
cfi=(46)
cfn=(260)
calls=1 221 
* 76
+7 1
cfi=(46)
cfn=(262)
calls=1 422 
* 442
* 1
+1 2
+6 1
+3 2
-3 1
+3 6
+3 1
cfi=(24)
cfn=(264) __tls_init_tp
calls=1 68 
* 75
+1 1
+3 5
-39 3
-1 7

fn=(154)
894 10
+5 1
-5 2
+5 2
+6 1
-64 1
+54 3
+7 3
cfi=(49) ./string/../sysdeps/x86_64/strcspn.S
cfn=(156) strcspn
calls=1 25 
* 233
* 1
+1 3
+9 1
191 1
914 2
191 2
916 2
-80 1
+5 5
-10 1
+8 1
-4 1
+1 1
+1 1
+4 1
cob=(2)
cfi=(50)
cfn=(158) 0x0000000004002080
calls=1 0 
* 2784
+1 3
+8 3
+67 1
-18 2
+21 9
-15 4
cfi=(29)
cfn=(80)
calls=1 212 
* 19
+1 2

fn=(168) map_doit
663 2
+2 1
-2 1
+2 1
+1 2
-1 2
+1 3
cfi=(31)
cfn=(170) _dl_map_object
calls=1 2022 
* 2683
* 1
+2 2

fl=(49)
fn=(156)
25 1
+2 1
+7 1
+1 1
+2 1
+1 1
+1 1
+1 1
+1 33
+3 3
+7 1
+1 1
+1 1
+1 1
+2 1
+1 1
+1 1
+1 1
+2 1
+1 1
+1 1
+9 3
+12 1
+2 1
+1 1
+1 1
-4 12
+2 12
+1 12
+1 12
+2 13
+1 13
+1 13
+2 13
+1 13
+1 13
+2 13
+1 13
+1 13
+2 1
+1 1
+1 1
+2 1
+7 1
+4 1

fl=(128) ./elf/./elf/dl-lookup-direct.c
fn=(410) _dl_lookup_direct
74 30
+2 3
-2 3
+4 3
-4 3
+2 3
+2 9
+37 3
-37 9
+1 6
+2 12
+3 25
-52 3
+54 6
-54 3
+54 3
-54 9
+1 9
+2 6
+1 6
+12 12
+3 3
+2 3
-2 3
+2 9
cfi=(32)
cfn=(90)
calls=3 +55 
* 207
* 6
+4 6
+1 3
-1 3
+1 18
+1 9
cfi=(32)
cfn=(90)
calls=3 +49 
* 75
* 6
+57 27
-23 6

fl=(23) ./elf/../misc/sbrk.c
fn=(62) sbrk
37 5
+3 1
+18 2
+4 2
+16 5

fl=(45)
fn=(150)
116 2
+1 2

fn=(144)
56 1
+3 2
+4 1
-6 1
+4 1
+2 2
+22 2
+5 2
+1 1
+1 1
-1 1
-1 1
+5 2
+4 2
+8 2
-43 2
+32 6

fn=(184)
38 3
+3 3
-1 6
+4 6
+4 3

fl=(65)
fn=(208)
159 5
+1 3
-1 1
+1 1
-1 2
+1 1
-1 3
+1 1
-1 4
+1 12
-8 1
-7 1
+15 1
-14 1
+6 1
+8 1
-15 1
+7 1
-8 1
+1 1
+7 1
-7 1
+31 3
-28 3
-2 1
+31 1
-33 2
+2 2
+30 2
-30 1
-1 4
+7 4
+24 2
-32 1
+60 1
-60 2
+36 1
fi=(73) ./elf/../include/scratch_buffer.h
77 3
fe=(65)
198 1
fi=(73)
78 1
fe=(65)
200 2
+98 1
198 1
+4 1
+7 1
+4 4
-4 3
+4 12
+11 12
-18 2
+18 4
433 12
+2 2
+3 2
-3 4
+3 2
fi=(28)
56 2
cfi=(27)
cfn=(76)
calls=2 -21 
* 50
* 2
fe=(65)
439 4
+6 2
+1 10
cfi=(29)
cfn=(80)
calls=2 212 
* 22
+1 10
cfi=(29)
cfn=(80)
calls=2 212 
* 22
+4 2
-1 2
+5 16
204 9
458 9
-1 4
+1 8
199 3
+27 10
+5 2
+6 2
-5 2
-1 2
+2 4
+4 8
-31 2
+31 2
+1 6
+6 8
cfi=(31)
cfn=(210) _dl_dst_count
calls=2 -6 
* 108
* 6
+4 4
-2 2
+2 4
cob=(2)
cfi=(50)
cfn=(162) 0x0000000004002050
calls=2 0 
* 6628
+1 4
+9 2
+2 4
+5 10
+6 2
+2 2
-8 4
+3 2
+1 2
+1 2
+1 2
+4 10
+4 6
+1 3
-43 188
+1 90
+44 135
-38 4
fi=(73)
85 3
fe=(65)
464 6
+1 1
+3 4
+11 3
fi=(28)
56 1
cfi=(27)
cfn=(76)
calls=1 -21 
* 25
* 1
fe=(65)
481 2
+5 3
+1 1
-1 2
+4 2
-2 1
+2 1
-2 2
+13 3
+5 3
-16 9
-2 3
+6 3
+7 3
-2 6
-5 1
+7 1
-2 2
+2 2
+5 1
-16 6
+19 2
+52 3
+37 3
+15 1
-11 1
+11 1
-14 2
+20 1
-1 3
+1 3
-1 5
cfi=(12) ./elf/./elf/dl-sort-maps.c
cfn=(244) _dl_sort_maps
calls=1 290 
* 260
+5 1
+3 1
-1 1
+2 2
+7 3
+3 3
+3 8
214 25
+3 2
fi=(73)
-86 6
cfi=(72) ./malloc/./malloc/scratch_buffer_set_array_size.c
cfn=(238) __libc_scratch_buffer_set_array_size
calls=2 30 
* 40
fe=(65)
+86 4
+4 6
613 2
cfi=(29)
cfn=(80)
calls=1 212 
* 11
* 1
-53 2
160 2
380 6

fn=(212) openaux
61 6
+7 2
-4 4
+1 2
-1 16
cfi=(31)
cfn=(170)
calls=2 2022 
* 6470
* 2
+5 4

fl=(27)
fn=(76)
35 120
+1 24
+11 24
-11 48
+11 48
+3 24
-3 24
+3 136
+18 24
+1 24
+2 96
-16 8
+1 4
+2 2
+1 14
cfi=(59) ./misc/../sysdeps/unix/sysv/linux/mmap64.c
cfn=(192) mmap
calls=2 -12 
* 18
* 2
+2 4
+2 4
+2 2
+4 2
-4 4
-23 1
-1 1
+1 1
+1 2
-2 2

fn=(142) __minimal_free
95 3
+2 12

fn=(72)
78 8
+4 8
-4 32
+7 8
+1 24
fi=(28)
-30 8
cfi=(27)
cfn=(76)
calls=8 -21 
* 235
fe=(27)

fl=(54) ./io/../sysdeps/unix/sysv/linux/open64_nocancel.c
fn=(176) __open_nocancel
28 12
+3 12
-3 36
+3 72
+8 84
+2 3
-2 27
+2 9

fl=(138) ./elf/./elf/dl-init.c
fn=(450) _dl_init
77 12
+1 1
+1 1
+3 3
+8 2
+25 1
+1 5
+1 2
-86 4
+86 6
-86 12
+2 20
cfn=(452) call_init.part.0
calls=3 -7 
* 190
+83 12
+7 8
-92 4
+2 6
cfn=(452)
calls=1 -7 
* 61
+52 2

fn=(452)
26 32
+13 4
-13 4
+16 4
-3 8
+3 8
+5 6
+8 9
+1 6
cob=(2)
cfi=(50)
cfn=(454) 0x000000000483f000
calls=1 -56 
* 26
+3 3
+1 6
+6 2
+2 2
-2 1
+3 7
+1 4
cob=(3)
cfi=(143)
cfn=(480)
calls=1 +13 
* 12
* 4
cob=(3)
cfi=(140)
cfn=(472)
calls=1 -24 
* 71
-1 6
+3 24
-29 2

fl=(26)
fn=(82)
31 6
+2 3
-2 6
+2 3
-2 6
+2 3
cfi=(24)
cfn=(84)
calls=3 +9 
* 9
+2 23
+3 20
+2 2
+2 2
+4 2
+4 2
-4 4
+1 2
+4 2
-4 2
+1 2
+3 2
-3 2
+3 2
-1 2
cfi=(24)
cfn=(84)
calls=2 -8 
* 6
-4 1
+4 1
-4 2
+1 1
+4 1
-4 1
+1 1
+3 1
-3 1
+3 1
-1 1
cfi=(24)
cfn=(84)
calls=1 -8 
* 3
-5 2

fn=(70)
59 42
+3 6
+18 2
+3 2
-3 2
+3 2
cfi=(22)
cfn=(60)
calls=2 -42 
* 52
+4 4
-4 4
+9 4
fi=(28)
-48 6
cfi=(27)
cfn=(72)
calls=2 +34 
* 100
fe=(26)
+48 1
fi=(28)
-48 3
cfi=(27)
cfn=(72)
calls=1 +34 
* 43
* 3
fe=(26)
+51 6
+5 3
-2 3
+6 3
-4 3
+4 3
-5 3
+4 3
+1 3
-1 3
+1 6
cfi=(29)
cfn=(80)
calls=3 212 
* 44
* 6
+2 3
+13 6
+6 1
+2 7
+3 2
-3 14
+3 4
+9 3
-7 3
+4 3
+3 15
+2 1
-2 3
+2 15
-2 45
+16 6
-5 3
+5 3
-6 3
+6 3
-6 3
+6 6
+2 4
+3 4
-3 4
+7 8
+4 4
+8 2
+3 2
+10 3
-10 4
+10 6
+2 2
+21 2
-21 2
cfi=(22)
cfn=(60)
calls=2 41 
* 70
* 6
+17 2
-13 6
+50 6
cfi=(29)
cfn=(126)
calls=2 -46 
* 34
* 2
+5 4
+1 4
-1 80
+1 80
+2 4
+3 2
+3 2
+4 27
131 8
-12 4
+34 1
+7 4
+8 8
fi=(28)
56 4
cfi=(27)
cfn=(76)
calls=2 -21 
* 50
* 2
fe=(26)
200 8
64 2
+2 3
+1 2
+10 5
-6 2

fl=(8)
fn=(14)
25 4
+3 4
-3 4
+3 8
+3 12
+1 8
+2 4
-1 4
+3 12
+1 4
+4 4
-3 4
+7 4
-4 4
-3 4
+2 8
+5 4
-5 4
-2 4
+7 4
-5 4
+10 4

fl=(64)
fn=(206)
25 1
+2 7
+4 1

fl=(123)
fn=(392)
561 4
+3 1
+2 2
+13 1
cfn=(396) _dlfo_process_initial
calls=1 474 
* 79
+1 1
-1 1
+1 1
fi=(28)
56 1
cfi=(27)
cfn=(76)
calls=1 -21 
* 25
fe=(123)
580 1
fi=(28)
56 1
fe=(123)
582 2
+3 2
+5 1
+1 1
cfn=(396)
calls=1 474 
* 280
+3 3
+10 4
-37 2
cfi=(124) ./elf/./dl-find_object.h
cfn=(394) _dl_find_object_from_map
calls=1 95 
* 68
* 1
+29 2
cfn=(398) _dlfo_sort_mappings
calls=1 -60 
* 80
+3 6
+2 1

fn=(396)
474 2
+3 2
-3 2
+1 2
+3 4
+26 14
+1 6
+1 8
-1 16
+3 28
+3 24
-7 10
+25 2
+2 8
-18 18
+3 6
-1 6
cfi=(124)
cfn=(394)
calls=3 95 
* 189
+2 12

fn=(398)
536 1
+1 2
+3 4
+4 1
+1 1
-1 1
+1 2
-1 1
+1 1
-1 1
+1 6
+1 19
-1 9
+8 6
+1 4
-1 2
-13 4
+14 6
+1 4
-15 4
+17 1

fl=(51)
fn=(160) _dl_catch_error
225 10
+2 2
cob=(2)
cfi=(50)
cfn=(162)
calls=1 0 
* 2759
+1 2
+1 1
+1 1
-1 1
+1 1
+2 5

fn=(164) _dl_catch_exception
175 9
+5 3
-5 9
+5 3
-2 6
+22 3
-1 3
+7 6
-6 3
+3 6
+3 3
cfi=(52) ./setjmp/../sysdeps/x86_64/setjmp.S
cfn=(166) __sigsetjmp
calls=3 30 
* 72
* 12
+2 9
cfi=(65)
cfn=(212)
calls=2 61 
* 6506
cfi=(2)
cfn=(168)
calls=1 663 
* 2698
+2 3
-1 3
+1 3
-1 3
+1 6
+9 12

fn=(248)
238 6
+1 1
+1 1
+3 1
+1 1
+2 1
cfi=(2)
cfn=(250)
calls=1 696 
* 4398
+2 1
+1 1
+1 4

fl=(72)
fn=(238)
30 20
+4 2
+1 4
+11 2
-1 4
+18 8

fl=(9)
fn=(440)
262 1
+1 1

fn=(16)
85 4
+25 1
-25 6
+25 1
-1 1
+1 123
+11 1
-8 1
+1 1
-4 1
+3 1
+6 1
+2 13
-34 1
-1 1
+36 113
+3 1
+1 1
-5 85
+57 1
-57 1
+58 1
-1 1
-57 3
+29 1
-29 1
+30 1
-1 1
-29 3
+41 1
-41 1
+42 1
-1 1
-41 3
+35 1
-35 1
+36 1
-1 1
-35 3
+32 1
-32 1
+33 1
-1 1
-32 4
+13 1
-13 1
+14 1
-1 1
-13 3
+10 1
-10 1
+11 1
-1 1
-10 3
+7 1
-7 4
224 1
cfi=(10)
cfn=(18)
calls=1 +58 
* 19402
+3 1
cfi=(12)
cfn=(22) _dl_sort_maps_init
calls=1 +54 
* 32
fi=(13)
36 2
cfi=(14) ./elf/../sysdeps/unix/sysv/linux/brk.c
cfn=(28) brk
calls=1 -1 
* 8
fi=(6)
215 1
cfi=(15)
cfn=(32)
calls=1 37 
* 7161
fe=(9)
+23 3
+1 1
cfi=(22)
cfn=(60)
calls=1 41 
* 33
* 1
+2 2
cfi=(23)
cfn=(62)
calls=1 37 
* 15
* 3
+12 3
+3 5
cfi=(2)
cfn=(64)
calls=1 1320 
* 101939
+2 9

fl=(124)
fn=(394)
95 8
+1 8
+1 4
+6 20
+1 119
+1 82
+2 12
+5 4

fl=(32)
fn=(90)
108 183
+33 183
+1 183
+2 183
+1 183
+21 183
+1 183
+1 157
+1 157
+1 136
+1 136
+1 136
+1 136
+21 136
+1 136
+1 136
+1 136
+1 136
+1 136
+1 136
+5 4
+1 12
+9 4
+1 4
+1 4
+1 4
+1 4
+1 4
+1 4
+1 4
-7 47
+1 47
+1 47
+1 47
+1 47
+1 47
+1 47
+1 47
+1 47
+1 27
+1 27
+1 27
+2 27
+1 27
+1 27
+1 27
+1 27
+1 27
-5 20
+1 20
+1 20
+1 20
+1 20
+1 20
+10 4
+1 4
+1 4
+2 4
+6 4
+1 4
+1 4
+1 4
+1 4
+5 4
+2 3
+1 3
+1 6
+8 3
+1 3
+3 3
+1 3
+1 3
+1 3
+1 3
+1 3
693 2
+1 2
+1 2
+1 2
+1 2
+2 2
+1 2
+1 2
+1 2
+1 2
+1 2
+1 2
+1 2
+4 2
+1 2
+1 2
+6 2
+1 2
+1 4
+4 2
+1 2
+3 2
+1 2
+1 2
+3 2
+1 2
+1 2
+6 2
+1 2
+1 2
+1 2
+1 2
+1 2
943 2
+1 2
+1 2
+1 2
+1 2
+2 2
+1 2
+1 2
+1 2
+1 2
+1 2
+1 2
+1 2
+4 2
+1 2
+1 2
+6 2
+1 2
+1 4
+4 2
+1 2
+3 2
+1 2
+1 2
+3 2
+1 2
+1 2
+6 2
+1 2
+1 2
+1 2
+1 2
+1 2
+72 6
+1 6
+1 6
+1 6
+1 6
+2 6
+1 6
+1 6
+1 6
+1 6
+1 6
+1 6
+1 2
+4 2
+1 2
+1 2
+6 2
+1 2
+1 4
+4 2
+1 2
+3 2
+1 2
+1 2
+3 2
+1 2
+1 2
+6 2
+1 2
+1 2
+1 2
+1 2
+1 2
+7 1
+1 1
+2 1
+1 1
+2 1
+1 1
+1 1
+3 1
+1 1
+1 1
+6 1
+1 1
+1 1
+1 1
+1 1
+1 1
+41 3
+1 3
+1 3
+1 3
+1 3
+2 3
+1 3
+1 3
+1 3
+1 3
+1 3
+1 3
1318 2
+1 2
+1 2
+1 2
+1 2
+2 2
+1 2
+1 2
+1 2
+1 2
+1 2
+1 2
+1 2
+4 2
+1 2
+1 2
+6 2
+1 2
+1 4
+4 2
+1 2
+3 2
+1 2
+1 2
+3 2
+1 2
+1 2
+6 2
+1 2
+1 2
+1 2
+1 2
+1 2
1568 2
+1 2
+1 2
+1 2
+1 2
+2 2
+1 2
+1 2
+1 2
+1 2
+1 2
+1 2
1693 5
+1 5
+1 5
+1 5
+1 5
+2 5
+1 5
+1 5
+1 5
+1 5
+1 5
+1 5
+1 4
+4 4
+1 4
+1 4
+6 4
+1 4
+1 8
+4 4
+1 4
+3 4
+1 4
+1 4
+3 4
+1 4
+1 4
+6 4
+1 4
+1 4
+1 4
+1 4
+1 4
+72 2
+1 2
+1 2
+1 2
+1 2
+2 2
+1 2
+1 2
+1 2
+1 2
+1 2
+1 2
+1 1
+4 1
+1 1
+1 1
+6 1
+1 1
+1 2
+4 1
+1 1
+3 1
+1 1
+1 1
+3 1
+1 1
+1 1
+6 1
+1 1
+1 1
+1 1
+1 1
+1 1
+72 2
+1 2
+1 2
+1 2
+1 2
+2 2
+1 2
+1 2
+1 2
+1 2
+1 2
+1 2
+1 1
+4 1
+1 1
+1 1
+6 1
+1 1
+1 2
+4 1
+1 1
+3 1
+1 1
+1 1
+3 1
+1 1
+1 1
+6 1
+1 1
+1 1
+1 1
+1 1
+1 1
+72 21
+1 21
+1 21
+1 21
+1 21
+2 21
+1 21
+1 21
+1 21
+1 21
+1 21
+1 21
+2 9
+4 9
+1 9
+1 9
+6 9
+1 9
+2 18
+4 9
+1 9
+3 9
+1 9
+1 9
+3 9
+1 9
+1 9
+6 9
+1 9
+1 9
+1 9
+1 9
+1 9
+74 26
+2 26
+1 26
+1 26
+1 26
-3 25
+1 25
+1 25
+1 25
+1 54
+5 27
+6 27
+1 27
+8 27
+1 27
-16 156
+6 156
+1 156
+8 156
+1 156

fl=(39)
fn=(110)
29 1
fi=(18) ./elf/../sysdeps/x86/get-isa-level.h
+2 1
fe=(39)
+7 1
fi=(18)
-7 2
-1 2
fe=(39)
+22 1
fi=(18)
-20 3
+4 1
fe=(39)
+2 1
fi=(18)
-2 2
+3 4
+1 4
+5 1
fe=(39)
-7 1
fi=(18)
+7 3
fe=(39)
-2 1
fi=(18)
+5 2
+1 3
fe=(39)

fl=(24)
fn=(84)
42 8
+2 16

fn=(66)
53 3
+3 8
+5 1
-5 1
+5 1
+1 1
-6 1
+8 1

fn=(264)
68 2
fi=(212) ./elf/../include/list.h
-24 1
fe=(24)
+24 1
fi=(212)
-25 1
fe=(24)
+26 1
+3 1
fi=(212)
-29 1
+1 1
+1 1
+2 1
fe=(24)
+28 4
+1 2
+1 1
+5 2
+5 1
+6 1
-3 1
+3 1
-6 3
+6 1
+13 3
fi=(75) ./elf/../sysdeps/unix/sysv/linux/rseq-internal.h
-72 1
fe=(24)
+72 1
cfi=(10)
cfn=(24)
calls=1 405 
* 20
fi=(75)
-74 3
+2 6
+3 2
+3 1
fe=(24)
+83 3
+7 2
+2 1
+1 1
+1 3

fl=(13)
fn=(100)
46 5
+2 3
+85 5
-45 2
cfi=(36) ./posix/../sysdeps/unix/syscall-template.S
cfn=(102) uname
calls=1 +32 
* 6
+15 1
-15 2
+20 1
-1 1
+3 12
+4 3
-2 6
+2 10
+3 1
-1 1
+1 3
-3 4
+7 3
-1 3
+4 3
-2 3
+2 10
+5 2

fl=(55) ./io/../sysdeps/unix/sysv/linux/read_nocancel.c
fn=(178) __read_nocancel
25 2
+1 8
+1 2

fl=(57) ./io/../sysdeps/unix/sysv/linux/fstat64.c
fn=(188) fstat
29 6
+1 6
+5 9
cfi=(58)
cfn=(190)
calls=3 153 
* 24

fl=(36)
fn=(102)
120 5
+2 1

fl=(31)
fn=(214) open_path
1870 8
+1 1
-1 6
+1 1
+6 2
+5 16
-7 2
+7 1
-8 1
+8 2
+3 2
+9 6
+7 3
+1 1
-1 1
cfi=(29)
cfn=(126)
calls=1 199 
* 13
-12 1
+12 1
+59 5
-58 4
+3 18
+5 72
cfi=(29)
cfn=(126)
calls=9 199 
* 123
* 36
cfi=(29)
cfn=(126)
calls=9 199 
* 117
+3 18
+6 27
+3 54
cfn=(216) open_verify.constprop.0
calls=9 1568 
* 486
* 9
+2 27
+2 18
+65 8
+7 2
-2 2
+2 2
+3 3
-13 1
+27 9
1902 52
+29 18
+1 63
+6 18
+2 9
-2 9
+2 18
cfi=(66) ./io/../sysdeps/unix/sysv/linux/stat64.c
cfn=(218) stat
calls=9 28 
* 142
* 9
+3 9
-3 18
+1 1
+2 2
-2 1
+2 24
-61 2

fn=(216)
1568 110
+39 30
+19 40
cfi=(54)
cfn=(176)
calls=10 28 
* 217
* 10
+2 20
+11 1
+6 2
-5 1
+5 8
cfi=(55)
cfn=(178)
calls=1 25 
* 6
+2 2
+2 2
+2 2
+6 2
+17 11
fi=(28)
50 2
cfi=(27)
cfn=(142)
calls=1 +45 
* 5
fe=(31)
1856 90
1674 3
+74 2
+5 2
+2 4
+6 2
+6 1
+1 1
-1 3
+1 1
-1 1
+1 2
+21 3
+31 1
-31 1
1633 1
1820 2
-31 48
+1 24
+1 8
+4 8
+6 4
+1 28
+10 12
cfi=(70) ./io/../sysdeps/unix/sysv/linux/pread64_nocancel.c
cfn=(230) __pread64_nocancel
calls=2 25 
* 14
* 16
+8 18
+15 2
+6 1
-3 1
+1 1
+1 1
+1 2
-3 1
+1 1
+1 1
+2 1
-3 3
-1 1
+4 2
-19 18
+3 2
-4 2
+4 4
+5 1
+1 4
-60 13
+1 3
-1 1
+1 3
cfi=(70)
cfn=(230)
calls=1 25 
* 7
* 3
+16 5
1612 18
+62 3
1802 4
-30 2

fn=(210)
238 4
+3 2
-3 4
+7 2
-7 4
+3 2
cfi=(42)
cfn=(118)
calls=2 23 
* 72
+3 4
+20 14

fn=(106)
706 11
+14 1
-14 2
+14 2
cfi=(38)
cfn=(108)
calls=1 175 
* 1646
fi=(28)
56 1
fe=(31)
720 1
fi=(28)
56 1
cfi=(27)
cfn=(76)
calls=1 -21 
* 25
fe=(31)
725 1
+2 2
+7 2
+1 2
-1 3
+5 3
fi=(28)
56 1
cfi=(27)
cfn=(76)
calls=1 -21 
* 25
fe=(31)
739 1
+2 4
+17 1
-10 1
+19 1
-11 1
-9 1
+9 1
+12 2
-10 1
+3 2
+9 1
-7 1
+4 1
+3 2
-3 1
-8 1
+3 1
+8 1
-3 1
+1 16
cfi=(43)
cfn=(130)
calls=4 125 
* 72
+2 18
-14 3
+10 3
+4 3
-12 3
-2 3
+2 3
+4 3
-3 3
+3 3
+1 3
-2 3
+5 6
+1 3
-4 3
+4 3
+15 1
+3 1
-15 1
+7 1
-1 1
+9 2
+2 4
+2 3
+36 5
+2 2
cfi=(22)
cfn=(60)
calls=1 41 
* 17
* 9
-19 1
-2 1
+2 2
+19 9
cfi=(29)
cfn=(80)
calls=1 212 
* 11
* 1
+5 4
-1 2
+2 1
+1 2
-2 4
+1 13
+1 26
-2 52
+5 1
fi=(28)
56 1
cfi=(27)
cfn=(76)
calls=1 -21 
* 25
fe=(31)
836 1
fi=(28)
56 1
fe=(31)
838 2
+6 6
cfn=(132) fillin_rpath.isra.0
calls=1 468 
* 583
+3 3
+6 1
+4 8
-35 2
+5 2

fn=(88)
868 3
+8 3
-8 3
+8 3
-6 3
+12 6
-13 3
+13 3
-13 3
+13 6
+3 9
+1 6
+1 6
+43 3

fn=(136) expand_dynamic_string_token
385 14
241 2
385 2
241 2
385 2
241 2
cfi=(42)
cfn=(118)
calls=2 23 
* 72
+3 4
410 2
-11 2
+11 12
-11 2
cfi=(44) ./string/./string/strdup.c
cfn=(138) strdup
calls=2 40 
* 168

fn=(170)
2022 30
+8 6
+1 12
+3 42
+5 49
+2 21
cfi=(53) ./elf/./elf/dl-misc.c
cfn=(172) _dl_name_match_p
calls=7 68 
* 810
* 14
+4 12
+1 18
+4 2
-1 10
+1 2
+1 2
-1 2
+1 2
cfi=(32)
cfn=(90)
calls=2 108 
* 86
* 4
2329 27
2068 2
+1 2
-1 2
+1 2
-1 2
+1 2
-1 4
-44 2
+53 6
+17 4
-2 2
+2 2
cfi=(42)
cfn=(118)
calls=2 23 
* 48
* 4
2260 2
-1 3
cfn=(136)
calls=1 385 
* 168
+2 1
-3 1
+1 1
+2 2
+4 5
cfn=(174) open_verify.constprop.1
calls=1 1568 
* 283
+3 2
-3 1
+3 1
+12 4
+46 1
+1 3
-1 1
+1 9
cfn=(182) _dl_map_object_from_fd
calls=1 944 
* 1819
-1 1
+1 3
-1 1
+1 9
cfn=(182)
calls=1 944 
* 2221
* 6
2098 2
cfi=(22)
cfn=(60)
calls=1 41 
* 17
* 2
+2 2
+7 4
+51 11
cfn=(214)
calls=1 1870 
* 1504
+6 1
-6 1
+6 4
682 1
2165 1
682 2
2252 2
+28 4
+2 4
2111 1
696 3
2111 1
+1 1
696 2
2116 3
682 1
2117 1
682 2
2173 1
+14 2
+2 3
+4 2
cfi=(67)
cfn=(220) _dl_load_cache_lookup
calls=1 416 
* 1343
* 1
+2 2
+4 2
+8 3
+23 6
cfn=(216)
calls=1 1568 
* 396
+4 2
-4 1
+4 1
+1 2
2131 5
+1 10
682 1
2133 1
682 2
2157 3
+1 2
-16 2

fn=(132)
468 7
+4 1
-4 8
+6 3
cfi=(7)
cfn=(134) strsep
calls=1 239 
* 240
* 3
cfi=(7)
cfn=(134)
calls=1 239 
* 8
* 6
+7 2
+2 3
cfn=(136)
calls=1 -98 
* 118
* 1
+4 2
+5 2
cfi=(22)
cfn=(60)
calls=1 41 
* 17
* 1
+1 2
+7 5
+9 15
+1 8
+55 2
fi=(28)
50 2
cfi=(27)
cfn=(142)
calls=1 +45 
* 5
+1 1
fe=(31)
528 2
+4 3
fi=(28)
56 1
cfi=(27)
cfn=(76)
calls=1 -21 
* 25
* 1
fe=(31)
534 2
+5 1
+1 2
-1 1
-1 1
+2 1
cfi=(29)
cfn=(126)
calls=1 199 
* 13
+3 1
-3 1
+1 1
+2 1
+6 1
+1 1
-1 3
+1 11
+1 1
-1 1
+1 2
-1 2
+1 1
-1 1
+1 2
-1 6
+1 1
-1 1
+1 1
-1 2
+3 1
+1 1
-1 1
+1 2
+1 1
+6 2
+1 2
-57 4
+66 1
+3 8
-46 4

fn=(174)
1568 11
+39 3
+19 4
cfi=(54)
cfn=(176)
calls=1 28 
* 19
* 1
+2 2
+11 1
+6 2
-5 1
+5 8
cfi=(55)
cfn=(178)
calls=1 25 
* 6
+2 2
+2 2
+2 2
+6 2
+17 11
fi=(28)
50 2
cfi=(27)
cfn=(142)
calls=1 +45 
* 5
fe=(31)
1856 9
1674 3
+74 2
+5 2
+2 4
+6 2
+6 1
+1 1
-1 3
+1 1
-1 1
+1 2
+1 2
+20 3
+31 1
-31 1
1633 1
1820 2
-31 66
+1 28
+1 8
+4 8
+25 12
+3 18
+3 2
-4 2
+4 4
+6 4
-36 6

fn=(182)
944 20
+10 2
-10 8
+10 2
cfi=(45)
cfn=(184)
calls=2 38 
* 14
* 2
+7 8
+85 8
+10 4
+7 14
cfi=(26)
cfn=(70)
calls=2 59 
* 766
* 2
+1 4
+11 4
+5 2
-5 2
+1 4
+1 2
+2 2
-2 2
+2 4
+1 6
+1 2
+19 2
-2 1
+2 12
-2 1
+2 30
+10 8
+85 2
-58 2
-34 2
-1 2
+93 2
+6 2
-64 4
+9 2
+55 4
-55 2
-42 2
+97 4
1101 2
-5 4
+15 60
+20 2
+1 1
-22 69
+1 127
1213 4
1110 2
1213 4
1110 6
1218 6
+10 4
+1 2
-1 2
+1 2
-1 6
+1 6
-1 6
+1 6
-1 18
1076 4
1235 4
+10 8
+7 4
fi=(60) ./elf/./dl-map-segments.h
96 2
fe=(31)
1252 6
fi=(60)
28 2
fe=(31)
1252 2
fi=(60)
96 2
fe=(31)
1252 2
fi=(60)
28 4
+1 16
cfi=(59)
cfn=(192)
calls=2 +18 
* 18
+74 4
-1 2
-73 2
+74 2
+3 4
+1 2
+2 2
-3 2
+1 2
+2 2
+7 8
+3 4
cfi=(71) ./misc/../sysdeps/unix/syscall-template.S
cfn=(234) mprotect
calls=1 -2 
* 6
* 3
+7 2
+2 2
fi=(61) ./elf/./dl-load.h
-37 16
+1 6
+2 16
fi=(60)
+56 32
+8 2
-2 2
+1 2
+2 2
-1 2
+1 2
-1 6
+8 4
+3 4
+8 14
cfi=(43)
cfn=(130)
calls=2 -52 
* 237
+1 4
+5 4
+12 8
-59 40
+2 12
+3 6
-3 12
+2 48
cfi=(59)
cfn=(192)
calls=6 -93 
* 54
* 18
fi=(56) ./elf/../sysdeps/posix/dl-fileid.h
37 6
cfi=(57)
cfn=(188)
calls=2 -8 
* 30
* 4
fe=(31)
999 4
fi=(56)
40 6
fe=(31)
999 2
fi=(56)
40 2
fe=(31)
999 23
+1 10
fi=(56)
49 12
fe=(31)
1515 18
1018 4
+66 13
+1 2
-1 1
+1 1
-1 1
+1 1
cfi=(70)
cfn=(230)
calls=1 25 
* 7
* 2
+26 26
+26 48
+10 8
-1 8
-1 8
+2 8
+2 8
-2 8
-1 48
+2 16
+1 8
+2 8
-3 8
+3 48
+2 16
+4 16
+1 30
+4 6
+1 6
-1 6
+1 42
-18 6
+28 6
-11 2
+1 2
-1 2
+1 14
-18 2
+28 2
-56 4
+7 2
+2 2
-2 2
+1 2
+1 2
-1 4
+1 16
+50 3
+5 1
-1 2
+5 1
-5 2
-56 1
+61 4
+1 1
+3 1
-3 1
+8 4
+15 4
+1 2
+58 8
+1 6
fi=(62) ./elf/./elf/get-dynamic-info.h
39 4
+6 2
-2 2
+2 4
+9 2
+5 2
+3 2
+2 2
-3 2
-3 2
-3 28
+13 8
-23 32
+23 29
-23 116
+4 74
+5 40
+2 10
+3 8
+13 8
+10 7
+1 8
+1 8
+1 8
+2 8
+5 7
+1 7
+1 8
+3 6
+5 2
+7 4
+1 6
+22 6
+5 2
+2 2
+2 2
+2 2
+4 6
+2 3
+1 2
+9 2
+6 2
+4 4
fe=(31)
1275 4
+1 4
+2 4
+10 6
+19 6
+2 10
+52 6
+1 2
+6 16
+1 42
+6 8
cfn=(88)
calls=2 868 
* 40
-7 54
+1 25
+6 25
-6 50
fi=(30)
95 16
213 2
-1 4
105 4
212 2
105 2
-2 2
-3 2
+2 2
+3 2
-4 4
+92 8
-1 2
-87 6
+3 6
+1 4
+1 4
+4 6
+4 6
+3 6
+1 4
+4 2
+1 8
+58 6
+2 8
-56 6
+1 3
+3 6
+3 3
+1 12
+5 6
+2 6
+5 6
+14 3
-1 6
+2 2
-1 4
fe=(31)
1380 4
cfi=(63) ./io/../sysdeps/unix/sysv/linux/close_nocancel.c
cfn=(202) __GI___close_nocancel
calls=2 25 
* 12
* 4
+13 4
+2 8
+2 4
+16 4
cfi=(8)
cfn=(14)
calls=2 25 
* 58
+4 4
+1 4
+17 4
+1 1
+3 1
+5 1
-5 1
+5 1
-5 1
+5 1
-5 1
+5 1
+10 4
+7 12
+10 4
+1 4
+5 2
cfi=(46)
cfn=(236)
calls=1 131 
* 10
+7 6
cfi=(26)
cfn=(82)
calls=2 31 
* 94
+3 8
+23 14
+1 6
cfi=(48)
cfn=(204) _dl_audit_objopen
calls=2 76 
* 10
* 2
fi=(61)
95 5
+2 1
-1 2
+1 1
-1 1
+1 1
-1 1
+1 1
-1 2
+3 4
fe=(31)
1506 10
fi=(30)
198 8
+2 2
+1 2
+2 2
-3 6
fe=(31)
1368 6
fi=(62)
62 8
+2 8
fe=(31)
1084 2
fi=(60)
187 8
cfi=(59)
cfn=(192)
calls=1 47 
* 9
+3 2
fe=(31)
1462 6
+2 1
-1 5
+1 1
-1 1
+1 1
-1 1
cfi=(32)
cfn=(90)
calls=1 108 
* 25
* 2
+2 5
1275 2
fi=(56)
49 3
fi=(30)
170 3
-39 2
fe=(31)

fl=(67)
fn=(444)
537 1
+1 4
-1 1
+3 2
cfi=(71)
cfn=(446) munmap
calls=1 117 
* 6
+1 1
+4 1
+2 2

fn=(220)
416 10
+2 2
+3 3
+74 1
208 1
495 2
+3 3
fi=(69) ./elf/../sysdeps/x86/dl-procinfo.h
39 2
+3 3
cfi=(32)
cfn=(90)
calls=1 +66 
* 45
* 7
cfi=(32)
cfn=(90)
calls=1 +66 
* 45
* 5
fe=(67)
212 6
cfi=(10)
cfn=(24)
calls=1 405 
* 21
* 1
+16 2
-16 1
+6 2
+10 1
-7 5
+9 3
+1 1
-37 2
+37 1
+4 2
-5 21
+1 7
-37 14
+37 7
+4 14
+4 24
cfn=(228) _dl_cache_libcmp
calls=8 370 
* 594
+1 16
359 7
+3 4
228 4
360 5
228 13
+2 5
+20 2
+3 2
+2 4
cfn=(228)
calls=1 370 
* 74
* 2
-7 2
-30 2
+1 1
+95 1
-95 1
-1 8
+96 3
-47 2
+10 2
+1 3
fi=(68) ./elf/../sysdeps/generic/dl-cache.h
125 5
fe=(67)
294 2
+9 2
+3 2
+2 3
+1 2
+5 2
+1 4
+7 2
+21 4
513 2
+12 2
cfi=(22)
cfn=(60)
calls=1 41 
* 35
* 12
+1 1
-1 1
+1 1
-1 1
+1 1
cfi=(29)
cfn=(80)
calls=1 212 
* 11
* 1
+1 1
cfi=(44)
cfn=(138)
calls=1 40 
* 89
+1 8
-3 2
424 4
cfi=(53)
cfn=(222) _dl_sysdep_read_whole_file
calls=1 36 
* 91
* 1
+8 5
+1 8
+3 4
+1 1
-1 3
fi=(68)
194 1
+1 5
fe=(67)
444 1
+1 2

fn=(228)
370 9
+1 9
+32 9
-33 18
+1 20
+2 44
+2 44
-2 88
+20 86
+2 86
-12 35
+2 35
+14 35
+1 35
-29 70
+32 3
-28 2
+8 1
-2 2
+1 2
-1 1
+2 3
+2 1
-3 1
+3 3
+2 2
+9 24

fl=(22)
fn=(60)
41 16
+44 16
+1 16
+1 16
+1 16
+1 16
+1 16
+1 16
+2 16
+2 16
+31 15
+1 15
+1 15
+1 15
+1 15
+1 9
+2 9
+4 6
+1 6
+1 6
+1 6
+1 6
+1 6
+1 6
+1 6
+1 6
+1 6
+1 6
+1 6
+5 48
+4 1
+1 14
+1 8

fl=(53)
fn=(172)
68 84
+1 28
cfi=(32)
cfn=(90)
calls=14 +39 
* 500
* 28
+3 14
+2 28
+6 15
-6 30
+1 54
cfi=(32)
cfn=(90)
calls=18 +33 
* 728
* 36
+8 3
-13 3
+13 20
-1 11
+1 33

fn=(222)
36 2
+3 1
-3 6
+3 1
-3 1
+3 1
cfi=(54)
cfn=(176)
calls=1 -11 
* 19
+1 2
+23 7
-21 4
cfi=(57)
cfn=(188)
calls=1 -13 
* 15
* 2
+2 2
+3 2
+13 2
cfi=(63)
cfn=(202)
calls=1 -35 
* 6
* 1
-11 6
cfi=(59)
cfn=(192)
calls=1 -2 
* 9
* 2

fl=(74)
fn=(252)
361 6
+4 5
-2 2
+4 24
cfn=(254) _dl_check_map_versions
calls=4 155 
* 4315
-2 4
+2 12
-1 4
-1 8
+5 7

fn=(254)
155 32
+15 4
-15 8
+15 8
+2 20
+2 4
+1 4
-1 4
+1 4
+2 8
+3 4
-16 2
-8 2
+28 2
-4 2
+4 4
+16 2
36 4
200 2
36 10
+1 5
-1 10
+2 21
cfi=(53)
cfn=(172)
calls=7 +30 
* 805
* 14
208 6
+5 2
-71 4
+71 6
+8 2
-2 2
-2 4
+4 2
-4 12
+4 7
-2 7
-2 14
+4 7
-4 72
56 36
+8 27
+6 27
+16 9
+1 18
+2 9
+5 81
+14 240
+12 333
+4 111
-30 222
224 36
+3 27
+5 7
-11 7
110 9
+3 36
cfi=(32)
cfn=(90)
calls=9 -5 
* 355
* 38
236 8
+14 4
+3 8
+10 42
-7 168
+3 126
-3 8
+3 6
+8 6
+6 3
fi=(28)
44 3
fe=(74)
273 3
fi=(28)
44 3
cfi=(27)
cfn=(72)
calls=3 +34 
* 108
fe=(74)
272 3
fi=(28)
44 3
fe=(74)
274 6
+13 3
-3 3
+3 12
+2 9
+3 8
+4 6
+7 9
+1 9
-1 27
+1 9
+1 9
-2 9
+2 18
+1 27
+3 27
+5 7
-15 7
+2 7
-2 7
+2 7
-2 7
+2 14
-2 2
+2 2
-2 2
+2 2
-2 2
+2 4
+16 6
+39 36
-29 9
+3 8
+4 42
+6 42
+1 42
+1 42
-1 126
+1 42
-1 42
+1 42
+1 42
+3 126
+4 42
-14 88
+10 6
164 2
+86 2
-94 2
+94 3

fl=(66)
fn=(218)
28 18
+1 36
cfi=(58)
cfn=(190)
calls=9 153 
* 88

fl=(77)
fn=(270)
194 8
+14 4
-14 36
+16 4
-16 8
+14 4
+2 8
+3 4
-1 4
+1 8
+19 8
+6 20
-34 8
+38 8
+7 16
fi=(6)
71 14
+6 8
+4 6
+14 2
-8 2
+8 4
+20 4
+4 10
-2 4
fe=(77)
288 159
-83 2
fi=(6)
474 8
fe=(77)
205 4
+83 4
fi=(5)
49 2
fe=(77)
288 2
fi=(5)
60 2
-11 4
+11 4
fe=(77)
288 2
-83 2
fi=(6)
474 8
fe=(77)
205 4
+83 4
fi=(5)
49 2
fe=(77)
288 2
fi=(5)
60 2
-11 4
+11 4
fe=(77)
288 8
fi=(5)
49 4
fe=(77)
288 4
fi=(5)
60 4
-11 8
+11 8
-7 2
-1 2
+11 16
fi=(6)
545 62
+4 62
+3 93
+1 31
fi=(5)
63 93
+2 284
+2 120
-4 120
+13 12
+1 8
+1 80
fi=(6)
545 40
+34 80
+2 40
cob=(3)
cfi=(122)
cfn=(386)
calls=1 31 
* 9
cob=(3)
cfi=(121)
cfn=(384)
calls=1 31 
* 7
cob=(3)
cfi=(120)
cfn=(380)
calls=1 33 
* 20
cob=(3)
cfi=(119)
cfn=(378)
calls=1 29 
* 7
cob=(3)
cfi=(118)
cfn=(376)
calls=1 29 
* 9
cob=(3)
cfi=(117)
cfn=(372)
calls=1 33 
* 10
cob=(3)
cfi=(115)
cfn=(368)
calls=1 29 
* 10
cob=(3)
cfi=(114)
cfn=(364)
calls=1 29 
* 10
cob=(3)
cfi=(113)
cfn=(362)
calls=1 29 
* 9
cob=(3)
cfi=(112)
cfn=(360)
calls=1 31 
* 7
cob=(3)
cfi=(111)
cfn=(356)
calls=1 29 
* 10
cob=(3)
cfi=(110)
cfn=(354)
calls=1 31 
* 9
cob=(3)
cfi=(109)
cfn=(352)
calls=1 29 
* 9
cob=(3)
cfi=(108)
cfn=(350)
calls=2 31 
* 14
cob=(3)
cfi=(106)
cfn=(346)
calls=1 29 
* 10
cob=(3)
cfi=(105)
cfn=(344)
calls=1 31 
* 7
cob=(3)
cfi=(104)
cfn=(340)
calls=1 29 
* 10
cob=(3)
cfi=(103)
cfn=(338)
calls=1 43 
* 7
cob=(3)
cfi=(102)
cfn=(336)
calls=1 29 
* 7
cob=(3)
cfi=(101)
cfn=(334)
calls=1 31 
* 7
cob=(3)
cfi=(100)
cfn=(332)
calls=1 66 
* 12
cob=(3)
cfi=(99)
cfn=(330)
calls=2 31 
* 18
cob=(3)
cfi=(97)
cfn=(326)
calls=1 31 
* 10
cob=(3)
cfi=(96)
cfn=(324)
calls=1 30 
* 9
cob=(3)
cfi=(95)
cfn=(320)
calls=2 29 
* 40
cob=(3)
cfi=(94)
cfn=(318)
calls=1 28 
* 9
cob=(3)
cfi=(93)
cfn=(316)
calls=1 61 
* 13
cob=(3)
cfi=(92)
cfn=(314)
calls=2 31 
* 18
cob=(3)
cfi=(90)
cfn=(310)
calls=1 29 
* 20
cob=(3)
cfi=(89)
cfn=(306)
calls=1 29 
* 12
cob=(3)
cfi=(87)
cfn=(302)
calls=1 29 
* 18
cob=(3)
cfi=(85)
cfn=(298)
calls=1 29 
* 12
cob=(3)
cfi=(84)
cfn=(296)
calls=1 65 
* 10
cob=(3)
cfi=(83)
cfn=(294)
calls=1 29 
* 7
cob=(3)
cfi=(82)
cfn=(292)
calls=2 31 
* 18
-36 40
+37 40
fi=(5)
77 121
fe=(77)
288 32
+3 24
+24 4
+3 8
+17 12
+2 32
-98 8
fi=(5)
86 12
+2 12
+12 6
-14 24
+14 12
+10 8
+3 10
+1 2
fi=(6)
529 2
fi=(5)
114 2
fi=(6)
529 4
fi=(5)
114 1196
fi=(6)
529 1196
fi=(5)
114 1196
fi=(6)
529 2392
+5 2396
+1 1198
fi=(5)
113 1198
fi=(6)
535 1198
-5 1198
fi=(5)
113 2396
+7 24
+4 16
+2 8
-73 3
fi=(6)
484 3
fi=(5)
52 3
fi=(6)
484 6
fi=(5)
128 6
+1 3
+1 3
-2 3
+2 3
+3 3
-5 3
+2 3
-2 3
+1 6
+2 3
-2 3
+2 9
+2 6
-5 190
+1 95
+1 95
-2 95
+2 95
+3 95
-5 95
+2 95
-2 95
+1 190
+2 95
-2 95
+2 285
+2 190
+9 96
fi=(6)
262 192
+21 192
+4 192
+7 384
fi=(4)
138 240
fi=(6)
294 3047
cfi=(78)
cfn=(278)
calls=77 840 
* 43690
* 693
+2 240
+30 576
450 231
fi=(5)
145 265
-19 294
+32 15
+1 6
fi=(6)
294 2
+22 2
-22 4
fi=(5)
160 6
+3 2
+4 2
-4 2
+4 4
-2 2
-2 2
+2 2
+1 2
-1 4
fi=(6)
294 8
508 2
-1 4
+1 4
+1 2
cfi=(15)
cfn=(412)
calls=1 71 
* 6
cob=(3)
cfi=(80)
cfn=(288)
calls=1 86 
* 28
+1 2
fi=(5)
159 2
fi=(6)
510 2
fi=(5)
159 8
-14 6
+1 12
fi=(6)
490 6
+5 4
-1 6
+1 4
-1 2
cfi=(29)
cfn=(80)
calls=2 212 
* 22
+2 8
+1 2
-75 51
+4 68
+5 17
+9 17
-9 34
+9 17
fi=(5)
145 66
fi=(6)
296 143
+3 95
-3 95
+3 190
fi=(5)
135 10
+3 2
fi=(6)
296 79
+3 79
-3 174
+3 4
fi=(5)
50 8
fe=(77)
308 14
fi=(6)
-14 29
fi=(5)
110 3
fe=(77)
343 20
+3 4
-3 4
+3 4
+4 8
+1 16
cfi=(71)
cfn=(234)
calls=4 117 
* 24
* 8
-63 3
fi=(5)
53 2
175 7
+2 2
+1 2
-1 1
+3 1
-3 4
+3 2
-3 10
+1 10
-1 5
+3 5
-3 20
+3 10
+8 6
fi=(6)
+74 12
+21 12
+4 12
+7 24
fi=(4)
138 18
fi=(6)
294 204
cfi=(78)
cfn=(278)
calls=6 840 
* 3162
* 54
+2 18
+30 36
450 12
fi=(5)
191 18
-16 18
+30 4
fi=(6)
+91 2
+3 2
-3 2
+3 4
-3 2
+3 2
-3 4
fe=(77)

fl=(70)
fn=(230)
25 8
+1 16
+1 4

fl=(16)
fn=(40) update_active.constprop.0
43 7
+45 1
-41 1
+28 1
-18 1
+31 1
+4 1
-36 1
-1 1
+37 1
-26 1
-11 1
+1 1
+36 2
+1 1
-17 1
-21 1
+25 1
-4 1
-11 1
+28 1
-1 1
-36 1
+18 1
+19 1
-13 1
-4 1
-11 1
+19 1
+11 1
-3 1
-12 1
+14 1
-29 1
+18 1
+9 1
-18 1
+13 1
-13 1
-9 1
+29 2
+3 1
-14 1
-9 1
+9 1
+4 1
+10 1
-17 1
+7 1
+5 1
+5 1
+1 1
-1 1
+1 2
+2 2
+1 4
+3 1
+1 1
-1 1
+1 1
-1 1
+1 1
-1 1
+1 1
+4 2
+4 2
+2 4
+83 3
+12 2
+1 1
+3 3
+4 1
-4 1
+4 1
+67 3
+4 3
fi=(18)
31 1
-3 1
+3 1
-1 2
fe=(16)
296 1
+1 8
-75 3
+1 2
+3 1
-1 1
+9 1
-5 1
+2 1
-2 1
+5 1
fi=(18)
32 3
+4 3
fe=(16)
+83 2
+2 1
+3 2
+10 1
+10 1
-10 1
+10 1
-10 1
+6 1
+4 1
-4 1
-6 1
+6 1
+2 1
-2 1
+2 3
+7 4
fi=(18)
39 3
+1 4
+5 1
-7 1
+7 3
+2 1
+1 2
+1 3
fe=(16)

fn=(34)
399 1
+16 1
-16 6
+3 1
+1 1
+1 1
+11 2
+3 6
593 1
+94 5
+1 1
+3 2
+1 1
+6 1
+3 1
fi=(19) ./elf/../sysdeps/x86/dl-cacheinfo.h
+5 1
+2 1
fe=(16)
-9 1
fi=(19)
+23 2
840 1
+46 1
-46 17
+45 2
+25 2
+21 2
-21 2
+13 3
+8 1
-8 1
+8 1
cfi=(10)
cfn=(24)
calls=1 405 
* 21
* 1
+2 2
+3 4
cfi=(10)
cfn=(24)
calls=1 405 
* 21
* 1
+2 1
+3 2
-3 2
+3 1
-3 1
+3 1
cfi=(10)
cfn=(24)
calls=1 405 
* 21
* 1
+1 5
+16 2
-12 5
cfi=(10)
cfn=(24)
calls=1 405 
* 21
* 1
+1 3
+23 1
-17 5
+3 3
-3 1
cfi=(10)
cfn=(24)
calls=1 405 
* 21
+3 3
-3 2
+3 9
cfi=(10)
cfn=(54)
calls=1 157 
* 58
+1 9
cfi=(10)
cfn=(54)
calls=1 157 
* 58
+1 10
cfi=(10)
cfn=(54)
calls=1 157 
* 58
+3 8
cfi=(10)
cfn=(54)
calls=1 157 
* 58
+2 8
cfi=(10)
cfn=(54)
calls=1 157 
* 58
+4 1
fe=(16)
706 1
fi=(19)
967 2
fe=(16)
706 2
fi=(19)
967 4
fe=(16)
706 1
cfi=(10)
cfn=(24)
calls=1 405 
* 19
+4 3
+14 1
-1 2
+1 3
+47 1
-1 1
+1 1
+46 4
cfi=(10)
cfn=(24)
calls=1 405 
* 19
+2 4
cfi=(10)
cfn=(24)
calls=1 405 
* 19
fi=(21) ./elf/../sysdeps/unix/sysv/linux/x86/cpu-features.c
27 6
fe=(16)
829 2
+45 8
fi=(19)
+19 11
fe=(16)
775 3
+17 2
fi=(19)
-68 3
cfn=(46) handle_intel.constprop.0
calls=1 255 
* 435
+1 1
-1 2
+1 1
cfn=(46)
calls=1 255 
* 476
+1 1
-1 1
+1 1
cfn=(46)
calls=1 255 
* 501
+3 1
-3 2
+3 1
cfn=(46)
calls=1 255 
* 457
+2 1
-2 1
+2 1
cfn=(46)
calls=1 255 
* 449
+3 1
-2 1
-1 1
+3 1
cfn=(46)
calls=1 255 
* 426
+2 1
-2 1
+2 1
cfn=(46)
calls=1 255 
* 427
+3 1
-2 1
-1 1
+3 1
cfn=(46)
calls=1 255 
* 467
+2 1
-2 1
+2 1
cfn=(46)
calls=1 255 
* 468
+3 1
-3 1
+3 1
cfn=(46)
calls=1 255 
* 492
+2 1
-2 1
+2 1
cfn=(46)
calls=1 255 
* 493
+2 1
-2 1
+2 1
cfn=(46)
calls=1 255 
* 788
+2 3
-2 1
+2 1
cfn=(52) get_common_cache_info.constprop.0
calls=1 481 
* 214
863 15
fe=(16)
424 6
cfn=(36) get_common_indices.constprop.0
calls=1 -99 
* 71
303 3
+1 2
+1 6
+5 2
+1 6
+5 2
+1 6
429 1
cfn=(40)
calls=1 43 
* 177
+2 1
+2 1
+83 1
-85 2
564 2
+7 2
+2 1
+4 2
+6 2
422 2
-3 1
579 2
433 3
+1 4
+69 1
+10 4
-79 11
+55 3

fn=(36)
325 1
+4 4
+3 3
+5 2
-5 1
+5 1
-5 1
+4 1
+1 1
+1 4
+1 4
+1 3
+1 2
+7 2
+2 5
+5 1
-5 1
+5 1
-5 1
+5 1
-5 2
+5 1
+7 1
-7 4
+7 1
+1 3
+6 1
-6 4
+6 1
fi=(17) ./elf/../sysdeps/unix/sysv/linux/x86/dl-minsigstacksize.h
24 2
+3 2
+1 2
+37 3
+7 1
+2 1
fe=(16)
384 2

fl=(136) ./elf/./elf/dl-runtime.c
fn=(434) _dl_fixup
46 112
+2 70
+1 14
+6 14
fi=(213) ./elf/../sysdeps/x86_64/dl-runtime.h
-27 14
fe=(136)
+21 14
+5 14
+1 14
-6 14
+6 28
+1 14
+2 14
-2 14
+2 14
-2 70
+7 28
+4 28
+4 42
+4 42
+1 56
-7 56
+16 14
-1 14
+1 28
+10 140
cfi=(78)
cfn=(278)
calls=14 840 
* 7912
* 14
+4 70
+10 140
+15 56
+9 42
+26 42
fi=(6)
+70 14
fe=(136)
-66 84
fi=(187) ./elf/../sysdeps/x86_64/dl-irel.h
32 3
cob=(3)
cfi=(84)
cfn=(296)
calls=1 +33 
* 10
cob=(3)
cfi=(90)
cfn=(310)
calls=1 -3 
* 20
cob=(3)
cfi=(113)
cfn=(362)
calls=1 -3 
* 9
fe=(136)
+93 6

fl=(14)
fn=(28)
35 1
+1 3
+1 2
+6 1
+1 1

fl=(193)
fn=(776)
31 9
+20 3
-3 7
+3 4
+3 2
cob=(3)
cfi=(194)
cfn=(778)
calls=1 +23 
* 43
+2 1
+3 2
+2 6
+7 2
-2 1
+2 1
cfi=(48)
cfn=(442)
calls=1 -28 
* 21
+5 14
+5 1
-5 1
+5 3
+2 8
+2 8
+2 8
+1 4
+1 4
+4 4
-12 12
+14 6
+1 4
+6 5
cfi=(12)
cfn=(244)
calls=1 290 
* 300
+9 2
cob=(3)
cfi=(195)
cfn=(780)
calls=1 367 
* 34
+5 6
+2 1
+2 3
-2 3
+2 9
+3 8
+3 12
+4 2
+11 4
+1 1
+1 2
+1 5
+1 2
cob=(5)
cfi=(144)
cfn=(782)
calls=1 0 
* 13
-1 5

ob=(2)
fl=(50)
fn=(524)
0 10430
cob=(3)
cfi=(155)
cfn=(530)
calls=5215 3624 
0 1161321
cob=(1)
cfi=(135) ./elf/../sysdeps/x86_64/dl-trampoline.h
cfn=(432) _dl_runtime_resolve_xsave
calls=1 67 
0 653
0 5

fn=(554)
0 8
cob=(3)
cfi=(161)
cfn=(556)
calls=4 125 
0 5509

fn=(654)
0 2
cob=(3)
cfi=(178)
cfn=(658)
calls=1 32 
0 8
cob=(1)
cfi=(135)
cfn=(432)
calls=1 67 
0 669
0 5

fn=(680)
0 4
cob=(3)
cfi=(155)
cfn=(682)
calls=2 3352 
0 216

fn=(704)
0 80002
cob=(3)
cfi=(184)
cfn=(706)
calls=40001 23 
0 999502199

fn=(730)
0 109778
cob=(3)
cfi=(189)
cfn=(734)
calls=54889 23 
0 1637681
cob=(1)
cfi=(135)
cfn=(432)
calls=1 67 
0 675
0 5

fn=(576)
0 2
cob=(3)
cfi=(164)
cfn=(580)
calls=1 85 
0 602
cob=(1)
cfi=(135)
cfn=(432)
calls=1 67 
0 638
0 5

fn=(582)
0 4
cob=(3)
cfi=(155)
cfn=(584)
calls=2 3287 
0 368

fn=(158)
0 2
cob=(1)
cfi=(51)
cfn=(160)
calls=1 225 
0 2782

fn=(736)
0 42
cob=(3)
cfi=(155)
cfn=(740)
calls=21 3400 
0 46811
cob=(1)
cfi=(135)
cfn=(432)
calls=1 67 
0 695
0 5

fn=(792) 0x00000000004022d4
0 4

fn=(454)
0 6
cob=(4)
cfi=(139)
cfn=(458)
calls=1 0 
0 12
0 1
cob=(4)
cfi=(139)
cfn=(466)
calls=1 0 
0 5
0 2

fn=(492)
0 7

fn=(566)
0 2
cob=(3)
cfi=(162)
cfn=(570)
calls=1 28 
0 14
cob=(1)
cfi=(135)
cfn=(432)
calls=1 67 
0 706
0 5

fn=(662)
0 2
cob=(3)
cfi=(179)
cfn=(666)
calls=1 34 
0 538
cob=(1)
cfi=(135)
cfn=(432)
calls=1 67 
0 689
0 5

fn=(756)
0 16394
cob=(3)
cfi=(155)
cfn=(682)
calls=8197 3352 
0 981128
cob=(1)
cfi=(135)
cfn=(432)
calls=1 67 
0 630
0 5

fn=(804)
0 2
cob=(3)
cfi=(196)
cfn=(806)
calls=1 30 
0 72

fn=(616)
0 2
cob=(3)
cfi=(172)
cfn=(620)
calls=1 31 
0 1294
cob=(1)
cfi=(135)
cfn=(432)
calls=1 67 
0 637
0 5

fn=(694)
0 80002
cob=(3)
cfi=(181)
cfn=(698)
calls=40001 24 
0 1031103778
cob=(1)
cfi=(135)
cfn=(432)
calls=1 67 
0 761
0 5

fn=(796) 0x000000000483f334
0 3
cob=(4)
cfi=(139)
cfn=(798)
calls=1 0 
0 105
0 2

fn=(608)
0 2
cob=(3)
cfi=(170)
cfn=(610)
calls=1 23 
0 24

fn=(162)
0 6
cob=(1)
cfi=(51)
cfn=(164)
calls=3 175 
0 9381

fn=(504)
0 2
cob=(1)
cfi=(48)
cfn=(508) _dl_audit_preinit
calls=1 117 
0 5
cob=(1)
cfi=(135)
cfn=(432)
calls=1 67 
0 824
0 5

ob=(1)
fl=(193)
fn=(776)
146 3
+1 6
cob=(2)
cfi=(50)
cfn=(796)
calls=1 0 
* 110
cob=(2)
cfi=(50)
cfn=(792)
calls=1 0 
* 4
+6 8
cfi=(48)
cfn=(794) _dl_audit_objclose
calls=4 -57 
* 20
+5 4
-45 12
+49 3
cfi=(48)
cfn=(442)
calls=1 40 
* 21
* 2
-38 9
+3 2
+41 6
+6 2
+7 8
73 2

fl=(71)
fn=(446)
117 5
+5 1

fn=(234)
117 25
+5 5

fl=(19)
fn=(46)
255 24
-5 24
+16 12
-16 72
+13 12
+1 36
-3 24
+11 60
+5 24
+2 12
+1 12
-1 12
+5 48
cfn=(48) intel_check_word.constprop.0
calls=12 123 
* 3852
+2 24
+3 60
cfn=(48)
calls=12 123 
* 1156
+2 24
+3 5
cfn=(48)
calls=1 123 
* 20
+2 2
+3 5
cfn=(48)
calls=1 123 
* 255
+2 2
-35 3
+39 3
+5 96

fn=(48)
123 78
-4 78
+10 104
-10 26
+10 52
+2 52
+71 200
-71 102
+2 63
+2 126
+8 126
+51 102
+22 51
fi=(20) ./elf/../bits/stdlib-bsearch.h
28 51
-1 102
+4 102
+1 51
fe=(19)
+78 102
fi=(20)
-79 76
+1 38
fe=(19)
+78 76
+3 345
fi=(20)
-84 844
+2 512
+1 256
fe=(19)
+78 512
+15 15
246 104
fi=(20)
37 51
-8 115
fe=(19)
155 36
+3 36
-6 54
+3 14
+9 14
+23 19
-32 57
+3 57
+4 50
+2 100
+2 50
+2 36
+4 11
+2 22
+6 14
+3 8
+1 12
-8 4
+2 4
-1 4
-1 4
+2 8
-2 4
+3 12
-2 12
+2 8
-10 24
+1 10
+11 12
-26 4
+9 4
+23 2
-32 6
+3 6
+4 8
+2 16
+2 8
-11 3
+7 6
+2 12

fn=(52)
481 1
+17 1
-17 4
+16 1
-16 1
+15 1
-15 3
+18 1
-1 1
+9 2
+3 3
+11 1
-11 1
-5 1
+21 3
+4 2
681 4
+1 5
+4 2
+9 2
-2 1
+2 2
-1 1
+1 3
535 6
+3 8
+7 2
-7 9
+7 6
+3 26
+14 2
+4 1
+3 1
+1 1
-4 2
+3 3
+6 2
-37 6
+15 2
+4 1
+1 1
-1 2
+18 2
-68 6
+74 4
+8 7
+2 2
+4 3
+2 1
+2 5
-4 1
+16 1
-16 3
+21 2
-21 4
+3 1
+1 4
-4 1
+6 4
+3 2
+5 1
+2 2
+1 1
+1 1
-2 2
+1 1
-19 5
+46 2
+3 3
-23 2
+7 1
+2 2
-16 1
+22 1
-6 2
+1 1
+5 1
+7 2
+2 2

fl=(48)
fn=(442)
40 6
+4 3
-4 3
+4 3
-4 3
+4 3
-4 6
+4 3
+1 3
+1 12
+4 18

fn=(204)
76 2
+1 8

fn=(508)
117 1
+1 4

fn=(794)
96 4
+1 16

fn=(152)
28 6
+2 1
-1 1
+1 2
+6 6

fl=(59)
fn=(192)
47 24
+3 24
+8 48
+2 12

fl=(41)
fn=(120) _dl_hwcaps_contains
66 3
+1 6
+1 3
+9 3

fn=(116)
51 40
-25 42
+4 24
+4 48
+1 12
-1 24
+2 24
+5 27
cfi=(42)
cfn=(118)
calls=9 -18 
* 216
+1 18
+3 6
+11 12
+1 12
+1 6
-1 6
+1 6
-2 6
+1 6
+1 3
-1 3
+1 15
cfn=(120)
calls=3 +8 
* 15
* 6
-3 5
+7 32
-19 6
cfi=(22)
cfn=(60)
calls=3 -2 
* 51
* 3

fn=(122)
25 4
+1 3
+21 1
-20 1
+20 3

fl=(25)
fn=(68)
28 3
+1 3
+3 46
+13 36
-13 72
+2 76
+1 18
+5 2
-3 2
+3 2
+2 2
+7 1

fl=(129)
fn=(414)
27 1
+2 2
-2 1
+6 3
-6 1
+6 3
-6 1
+6 1
cfi=(128)
cfn=(410)
calls=1 +41 
* 177
+4 2
+2 4
+2 1
-1 1
+1 2
-1 1
cob=(3)
cfi=(130)
cfn=(416)
calls=1 -7 
* 1108

fl=(44)
fn=(138)
40 15
+1 3
cfi=(22)
cfn=(60)
calls=3 * 
* 87
* 3
fi=(214) ./string/../include/rtld-malloc.h
+15 6
cfi=(27)
cfn=(76)
calls=3 -21 
* 75
fe=(44)
-12 6
+4 3
-1 9
+1 6
-1 3
cfi=(29)
cfn=(80)
calls=3 212 
* 41

fl=(135)
fn=(432)
67 14
+5 14
+3 14
+2 14
+10 14
+6 14
+1 14
+1 14
+1 14
+1 14
+1 14
+1 14
+4 14
+1 14
+3 14
+1 14
+2 14
+1 14
+1 14
+1 14
+1 14
+1 14
+2 14
+7 14
+1 14
+1 14
cfi=(136)
cfn=(434)
calls=14 -80 
* 9304
+1 14
+5 14
+1 14
+1 14
+2 14
+1 14
+1 14
+1 14
+1 14
+1 14
+1 14
+2 14
+2 14
+4 14
+2 14

fl=(63)
fn=(202)
25 3
+1 12
+1 3

fl=(7)
fn=(404) lookup_malloc_symbol
61 8
+3 4
-3 16
+3 4
-3 4
+3 8
-1 4
+1 12
cfi=(78)
cfn=(278)
calls=4 840 
* 2104
+4 28
+1 28
+2 4
fi=(126) ./elf/./dl-sym-post.h
-30 8
+12 12
fe=(7)
+19 20

fn=(400)
76 2
+10 1
fi=(125) ./elf/../sysdeps/generic/dl-hash.h
-41 1
fe=(7)
+31 1
fi=(125)
-32 1
fe=(7)
+32 5
+11 1
-1 1
fi=(125)
-43 1
+5 3
+14 4
-17 3
+3 15
+14 20
-17 15
fe=(7)
+46 2
fi=(125)
-24 1
fe=(7)
+22 1
+2 2
fi=(125)
-19 1
fe=(7)
+19 1
cfn=(404)
calls=1 -30 
* 575
+1 3
-1 1
+1 1
cfn=(404)
calls=1 -31 
* 575
+1 3
-1 1
+1 1
cfn=(404)
calls=1 -32 
* 561
+1 3
-1 1
+1 1
cfn=(404)
calls=1 -33 
* 553
+5 1
+1 1
+1 1
+1 1
+1 7

fn=(134)
239 2
+3 4
+2 2
+1 4
+4 33
+7 84
-2 56
+13 1
+4 4
-22 14
+15 14
-15 30

fn=(12)
42 1
+1 2
+1 2
+1 2
+1 2
+1 1

fl=(1) ???
fn=(0) 0x0000000000020290
0 2
cfi=(2)
cfn=(2)
calls=1 527 
0 131127
0 14
cfi=(138)
cfn=(450)
calls=1 77 
0 352
0 3
cob=(5)
cfi=(144)
cfn=(484)
calls=1 0 
0 1039593768

fl=(52)
fn=(166)
30 3
+2 3
+9 3
+1 6
+1 3
+4 3
+1 3
+1 3
+1 3
+1 3
+2 6
+2 3
+1 3
+1 3
+2 6
+2 3
+8 3
+3 3
+1 3
+7 3
+1 3

fl=(43)
fn=(130)
125 7
+1 35
+6 7
+1 7
+1 7
+1 7
+2 1
+1 1
+1 1
+65 4
+1 4
+2 4
+76 6
+1 6
+5 6
+3 6
+1 6
+3 2
+1 2
+13 2
+1 2
+2 2
+3 1
+3 2
+3 1
+1 1
+1 1
+1 1
+1 1
+1 1
+1 1
-6 27
+1 27
+1 27
+1 27
+1 27
+1 27
+1 27
+3 2
+1 2
+1 2
+1 2
+5 2

fl=(12)
fn=(22)
281 2
+1 4
cfi=(10)
cfn=(24)
calls=1 405 
* 20
+2 3
-1 1
+2 2

fn=(244)
290 20
+8 2
-8 2
+8 4
+4 16
-79 4
-37 2
+37 2
-36 8
+1 2
-1 2
+1 2
-1 4
+1 6
-1 6
+1 6
-1 12
+36 30
+8 6
-3 2
+2 2
+1 2
-8 2
+5 2
+3 8
+2 18
+2 8
-90 40
cfn=(246) dfs_traversal.part.0
calls=8 -5 
* 284
+93 16
+18 4
+13 2
+33 2
-26 8
cfi=(29)
cfn=(80)
calls=2 -64 
* 22
* 2

fn=(246)
140 64
+10 8
-2 8
+2 16
+2 20
+3 20
-3 40
+9 16
+15 24
+1 8
+1 48
-17 12

fl=(127)
fn=(408)
30 2
+10 3
-10 1
+10 2
-10 1
+7 1
+3 2
cfi=(128)
cfn=(410)
calls=1 +34 
* 175
+4 2
+1 8
+2 3
-2 1
+2 3
cfi=(128)
cfn=(410)
calls=1 +27 
* 198
+4 2
+1 6
+1 2
-1 1
+1 2

fl=(76)
fn=(268)
252 8
42 1
+9 1
-10 1
+4 1
-4 1
+3 1
+4 2
+1 2
-1 2
+14 2

ob=(2)
fl=(50)
fn=(646)
0 44
cob=(3)
cfi=(176)
cfn=(648)
calls=22 212 
0 37802

fn=(718)
0 10420
cob=(3)
cfi=(188)
cfn=(724)
calls=5210 41 
0 88714
cob=(1)
cfi=(135)
cfn=(432)
calls=1 67 
0 697
0 5

ob=(1)
fl=(76)
fn=(268)
254 8

ob=(2)
fl=(50)
fn=(726)
0 10420
cob=(3)
cfi=(176)
cfn=(648)
calls=5210 212 
0 62255
cob=(1)
cfi=(135)
cfn=(432)
calls=1 67 
0 791
0 5

fn=(426)
0 38
cob=(1)
cfi=(10)
cfn=(24)
calls=19 405 
0 391
cob=(1)
cfi=(135)
cfn=(432)
calls=1 67 
0 813
0 5

fn=(476)
0 2
cob=(3)
cfi=(142)
cfn=(478)
calls=1 23 
0 25

totals: 1039725266
